micros,aX,aY,aZ,gX,gY,gZ,
1227799,34.67,-6.84,-1011.72,0.79,1.51,0.12,
1247806,43.46,-13.18,-1011.23,-1.63,-0.20,1.71,
1267815,44.43,-1.46,-1036.13,1.24,0.17,1.65,
1287825,53.71,-16.11,-1012.21,1.97,0.73,1.42,
1307830,63.48,-4.88,-1031.25,-1.51,1.21,-0.64,
1327836,35.64,-12.21,-1022.46,-0.52,2.78,-0.14,
1347841,35.16,-1.46,-1012.21,0.76,0.09,-1.56,
1367850,57.13,0.98,-1017.58,1.16,-1.69,3.24,
1387854,42.48,-4.88,-1021.00,0.53,1.40,1.19,
1407866,62.50,-6.84,-1022.46,1.47,-0.96,0.32,
1427873,49.32,-11.23,-1009.28,-0.20,0.66,-0.21,
1447878,50.78,-4.39,-1018.55,1.59,0.26,-0.64,
1467883,56.64,-11.72,-1012.21,-0.52,1.83,-0.95,
1487893,54.69,3.91,-1019.04,-2.34,1.02,-1.02,
1507898,57.62,-2.93,-1006.84,1.15,-0.96,2.27,
1527906,58.11,-1.46,-1018.07,-0.72,-0.32,0.12,
1547913,52.73,-16.11,-1002.93,-0.38,0.99,-1.07,
1567922,46.39,-8.30,-1011.23,-0.84,3.10,1.02,
1587927,40.53,-0.98,-1013.18,0.76,1.45,0.43,
1607935,63.48,-13.18,-909.18,-0.29,9.51,3.60,
1627940,52.25,-8.79,-1030.27,-0.06,0.44,-0.03,
1647947,59.57,-4.39,-1008.30,-0.44,0.43,1.45,
1667954,49.32,-2.44,-1009.28,1.57,-7.91,1.69,
1687965,-21.48,-61.04,-1142.58,2.09,14.34,4.14,
1707974,65.43,-4.39,-901.86,-1.65,2.26,2.58,
1727984,111.33,26.37,-1000.49,0.40,-0.15,3.92,
1747995,60.55,-5.37,-1023.44,1.37,3.16,-1.89,
1768001,55.66,-12.70,-1000.49,1.97,-1.37,0.06,
1788006,62.99,-12.70,-1012.21,-1.85,-2.85,-0.82,
1808016,51.76,-7.81,-999.02,-1.62,-0.58,0.82,
1828025,50.29,-17.58,-1008.30,-0.78,-0.64,0.87,
1848031,56.64,-1.46,-1008.79,0.99,1.82,1.94,
1868041,69.82,-6.84,-1015.14,0.06,0.98,2.73,
1888045,47.36,-0.98,-1015.62,0.76,2.98,-4.15,
1908052,58.59,-3.91,-1011.72,1.56,0.02,-1.48,
1928060,60.06,-10.25,-1006.84,0.49,-0.69,-1.37,
1948066,58.11,-13.67,-1007.81,0.46,3.40,-0.21,
1968071,55.18,-15.14,-1004.88,0.49,3.73,-0.61,
1988079,62.99,-15.62,-1021.97,1.05,-2.38,3.08,
2008088,59.57,-13.18,-1019.53,-0.37,-1.04,-0.60,
2028096,58.59,-21.97,-1008.30,0.08,3.79,-0.76,
2048105,55.66,-4.39,-1032.71,-1.94,-1.22,0.93,
2068115,55.18,-12.70,-1029.30,0.08,-0.11,-1.59,
2088121,64.45,-12.21,-1012.70,0.34,-0.02,3.53,
2108127,61.52,-10.74,-1023.44,1.15,1.65,0.02,
2128134,65.43,-5.86,-1012.21,0.26,2.06,-0.89,
2148146,63.96,-5.86,-1020.51,0.38,1.16,0.53,
2168153,62.50,-2.93,-1009.28,0.20,0.24,0.87,
2188160,58.11,-12.21,-1002.93,-0.05,0.69,-1.42,
2208166,56.15,-6.35,-1004.39,-1.18,-1.13,-2.78,
2228173,60.55,-17.09,-1008.79,-0.20,0.14,0.52,
2248181,44.43,-13.67,-1012.21,0.02,-0.21,0.84,
2268190,57.13,-7.81,-1004.88,-2.78,-1.15,1.02,
2288198,61.04,-13.18,-1014.16,-0.67,-2.34,2.63,
2308205,50.78,-5.37,-1002.44,1.62,0.92,0.20,
2328214,57.62,-6.35,-1010.74,-0.55,1.08,0.40,
2348220,68.85,-4.88,-1018.07,-0.43,-0.21,0.29,
2368224,53.71,-11.23,-1021.48,0.44,3.60,0.92,
2388233,62.01,-12.70,-1018.55,1.15,-1.76,-0.34,
2408243,48.83,-9.77,-1005.86,-0.17,1.45,0.53,
2428249,62.50,-16.11,-1010.74,0.98,0.56,-1.22,
2448259,66.41,-3.42,-1018.07,-1.54,-1.82,-1.18,
2468266,63.96,-5.37,-1008.30,0.05,-2.20,-0.38,
2488271,52.25,-6.84,-1002.44,-0.03,-1.54,2.69,
2508277,54.69,-4.88,-1016.60,0.70,0.64,0.99,
2528282,59.08,-13.67,-1016.60,0.26,-2.21,-0.05,
2548293,52.73,5.37,-1014.65,1.27,0.90,-0.06,
2568301,73.73,-21.97,-1009.28,1.56,-1.76,-0.55,
2588312,55.18,-9.28,-999.02,2.35,1.88,0.98,
2608320,67.87,-11.72,-1016.60,-1.13,0.73,-0.40,
2628327,53.22,-9.28,-1006.84,0.61,-1.74,0.70,
2648335,54.69,-7.32,-1021.97,1.31,-3.56,4.35,
2668340,54.20,-8.30,-1003.42,-1.79,2.08,0.67,
2688349,64.45,-2.44,-1026.37,-1.73,-0.21,-0.06,
2708355,61.52,-18.55,-1016.60,1.24,-3.71,-1.25,
2728364,71.29,-6.35,-1025.39,0.35,-2.67,1.07,
2748375,52.73,-2.44,-1019.53,0.89,1.11,1.28,
2768381,57.13,-16.60,-1009.28,-1.57,1.86,-3.69,
2788389,43.95,-3.91,-1000.49,2.76,-1.44,2.43,
2808395,57.62,-7.32,-1010.25,0.90,0.38,0.73,
2828405,61.52,-3.91,-1020.51,0.11,1.65,-1.28,
2848411,60.06,-7.81,-1016.11,-0.44,-0.60,-0.20,
2868417,50.29,-8.30,-1007.81,1.13,-0.18,1.60,
2888423,67.38,-10.74,-1010.74,0.55,-1.51,0.69,
2908429,60.55,-0.98,-1021.97,-1.51,0.26,0.95,
2928439,59.57,-2.44,-1007.81,-0.02,1.83,-0.81,
2948448,72.27,-6.35,-1011.23,1.33,0.63,-0.06,
2968455,56.64,-17.09,-1001.46,0.18,2.14,0.37,
2988462,66.89,-11.23,-1008.79,3.28,0.02,1.69,
3008472,60.06,-23.93,-1012.70,0.03,1.56,0.53,
3028478,70.80,0.98,-999.02,-0.75,-1.30,0.29,
3048486,59.08,0.98,-1005.37,1.08,-2.09,0.75,
3068492,62.01,2.44,-1026.37,-2.20,1.45,-1.19,
3088499,61.52,-6.35,-1013.18,-0.72,-1.05,-1.83,
3108505,52.25,-5.37,-1015.14,1.66,1.21,-0.63,
3128512,57.62,-16.11,-998.05,0.90,-2.87,-1.54,
3148522,66.89,-10.74,-1006.35,-2.02,1.24,-1.53,
3168527,55.18,-17.09,-1012.21,-0.37,1.28,0.27,
3188531,59.57,-9.77,-1012.21,2.41,0.52,0.06,
3208541,58.11,-14.65,-1027.83,-0.73,-1.19,2.24,
3228546,64.45,-8.79,-1014.65,0.31,0.69,1.21,
3248557,58.59,0.00,-1019.04,-0.46,-0.56,0.79,
3268568,65.43,-5.86,-1010.25,2.15,0.90,1.73,
3288576,53.71,-15.62,-1003.42,0.06,-0.76,0.73,
3308582,68.36,-14.16,-1016.60,-0.89,-1.77,-0.78,
3328586,56.64,-8.30,-1017.09,-2.32,-0.73,-2.78,
3348595,54.69,-1.46,-1008.30,0.92,-0.66,1.44,
3368601,49.32,1.95,-1008.79,0.64,-2.17,1.85,
3388610,60.55,-3.42,-1007.32,-1.31,0.96,1.36,
3408614,53.71,-6.35,-1021.97,1.77,0.96,-0.52,
3428622,52.25,-9.28,-1013.67,2.05,-0.47,1.05,
3448627,57.13,-9.77,-1003.42,0.50,-1.47,0.82,
3468631,74.71,-21.48,-1014.16,0.73,-0.44,1.19,
3488640,65.92,-13.67,-1008.79,0.55,-2.38,-1.22,
3508649,60.06,-2.44,-1009.28,1.02,-0.63,1.56,
3528654,59.57,-17.58,-1013.18,-0.27,-1.74,-0.60,
3548663,229.00,-89.36,-858.89,1.04,1.33,-0.09,
3568667,50.29,-0.98,-1035.64,-2.56,2.44,5.24,
3588678,-76.17,-22.95,-1004.39,-0.23,5.82,3.57,
3608685,28.81,-109.38,-941.89,0.92,-1.92,1.98,
3628695,77.64,3.42,-1000.00,0.76,0.63,0.20,
3648703,57.13,6.35,-1004.39,0.47,3.05,-0.95,
3668712,64.94,-9.28,-1014.65,0.53,1.16,0.21,
3688716,72.75,-4.88,-1008.79,1.54,1.66,0.41,
3708721,60.55,-15.62,-1002.44,-1.57,0.05,1.88,
3728727,64.94,-12.70,-1007.81,-0.34,-0.43,0.60,
3748733,76.17,-16.60,-1014.65,0.47,1.92,1.33,
3768742,62.01,-20.02,-1004.88,0.35,-2.00,-2.11,
3788752,64.94,3.91,-1021.00,-0.56,2.47,-0.73,
3808757,56.15,-10.74,-1021.00,1.10,-0.32,-2.75,
3828763,62.01,-18.07,-1007.81,1.48,2.12,1.79,
3848771,52.25,-8.79,-1011.23,3.05,-1.59,0.40,
3868780,69.34,-12.21,-1019.53,-1.68,0.99,0.15,
3888788,61.52,-18.07,-1015.62,-1.16,1.18,0.31,
3908798,63.96,-7.32,-1010.25,0.02,-0.06,0.49,
3928806,69.82,-8.79,-1006.35,1.73,2.40,0.26,
3948811,56.15,1.95,-1002.93,-1.97,-0.75,-1.51,
3968815,59.08,-7.81,-1029.79,-0.63,-1.57,2.92,
3988822,72.27,-15.62,-1021.00,0.09,-3.97,2.09,
4008830,61.52,-0.98,-1007.32,0.23,-1.59,-0.72,
4028837,61.52,-15.62,-1012.70,-0.72,0.90,0.34,
4048847,49.32,-1.95,-1017.58,0.81,0.52,-0.43,
4068854,52.73,-8.79,-1007.32,-0.18,0.63,0.61,
4088862,54.69,-15.14,-1015.14,0.44,-1.11,0.29,
4108871,56.64,4.39,-1013.18,-1.60,0.23,-0.81,
4128879,60.55,-7.32,-1011.72,0.96,0.81,-1.18,
4148889,59.08,-6.84,-1010.74,0.52,0.09,1.42,
4168895,71.78,-12.70,-1018.07,2.92,1.74,2.03,
4188903,60.55,-10.25,-1005.86,-1.21,-0.66,-0.53,
4208909,62.01,-0.98,-1008.79,-0.85,0.79,-0.08,
4228915,49.80,-1.95,-1008.79,0.26,-1.44,1.40,
4248923,60.55,-15.62,-1012.21,0.29,1.39,0.37,
4268928,58.11,-11.23,-1012.70,-2.67,1.92,-0.44,
4288935,65.43,7.32,-1011.72,-0.87,4.06,2.17,
4308943,61.52,-5.86,-1020.02,0.98,-0.85,1.07,
4328953,63.48,-9.28,-997.56,0.73,-1.97,-2.49,
4348961,60.55,-13.67,-1006.84,-2.11,0.18,-2.00,
4368966,65.43,-22.95,-1008.79,-0.63,0.89,-1.22,
4388971,66.41,-5.86,-1014.65,1.25,-4.53,0.46,
4408980,70.31,-8.79,-1014.65,-0.82,-1.83,1.63,
4428989,65.92,-3.42,-1020.02,-1.04,0.20,0.82,
4448995,72.27,-12.70,-1000.49,-1.02,1.85,0.87,
4469006,61.52,-4.39,-1016.11,1.22,-3.68,-1.18,
4489016,60.55,-14.16,-1012.21,-1.37,-2.50,-1.36,
4509022,69.34,-20.51,-1015.14,1.68,-1.18,-1.07,
4529028,62.01,0.49,-1003.42,-1.05,-0.50,0.02,
4549039,59.08,-10.74,-998.05,0.90,0.17,0.03,
4569050,64.94,-4.88,-1017.58,0.38,-0.35,0.79,
4589055,58.11,-11.23,-1008.30,0.29,-2.55,-0.63,
4609066,79.59,0.98,-1010.25,-1.13,-0.46,0.31,
4629071,61.52,-16.60,-1010.25,0.09,-2.41,0.52,
4649079,66.89,-15.62,-1017.09,0.85,-0.29,-0.40,
4669088,58.59,-17.09,-997.07,0.56,0.61,1.80,
4689098,61.52,-4.88,-1014.16,-0.69,-0.50,-0.78,
4709106,76.66,-3.91,-1003.91,-0.29,-1.45,0.52,
4729114,59.57,-17.58,-1022.46,0.75,-3.91,-0.17,
4749120,47.36,-9.77,-1011.72,1.07,-2.46,-2.14,
4769125,54.20,-16.11,-1027.34,-0.24,0.60,0.84,
4789131,38.09,-19.53,-1048.34,0.24,1.45,-1.65,
4809142,65.43,-18.55,-1003.91,1.88,0.89,0.46,
4829151,62.50,6.35,-1017.09,-1.27,-1.39,-0.56,
4849155,61.52,-1.46,-1016.60,-1.56,0.55,-1.44,
4869161,64.94,-14.65,-1023.44,0.15,0.26,0.03,
4889166,48.34,-6.35,-1009.77,1.04,-1.66,-0.66,
4909171,66.89,-11.23,-992.68,-0.53,-2.11,-2.02,
4929179,52.73,-8.79,-1007.81,-1.13,0.79,1.50,
4949183,43.46,-12.21,-1011.23,1.59,-1.30,3.15,
4969187,48.83,2.93,-1013.67,3.01,-2.66,2.46,
4989195,51.76,-20.51,-1004.39,-3.36,-2.09,0.70,
5009203,76.66,1.46,-1013.18,0.38,1.47,1.05,
5029209,44.92,-17.58,-1023.44,1.10,-5.33,1.22,
5049220,60.06,-29.30,-1047.36,1.42,-6.05,3.31,
5069227,52.73,-4.88,-1013.67,-2.12,-2.79,3.45,
5089231,42.48,-2.44,-1011.72,1.19,-2.17,-1.68,
5109240,59.08,-4.39,-1016.60,2.89,1.98,3.80,
5129245,37.11,2.44,-1006.35,-1.04,-1.51,0.27,
5149251,35.16,-10.74,-1027.34,0.90,-1.59,2.06,
5169257,50.29,-9.77,-1014.16,-0.67,-1.91,0.37,
5189265,37.60,-5.86,-1014.65,1.44,-3.57,0.61,
5209270,33.20,-7.32,-1021.48,2.24,0.18,-1.08,
5229276,53.22,-11.72,-1013.18,-0.73,-1.98,0.02,
5249282,41.50,-2.93,-1012.70,0.66,1.76,-1.01,
5269291,43.46,-13.67,-1017.58,2.20,0.49,0.43,
5289298,51.27,-5.86,-1022.46,1.02,-3.19,-1.65,
5309306,45.41,-10.74,-1009.77,-2.05,-0.46,-0.56,
5329312,28.32,-9.28,-1013.18,0.99,-2.58,1.04,
5349319,42.48,-7.81,-984.38,-7.54,-6.46,-4.50,
5369326,41.02,-14.16,-1017.58,1.07,-1.11,3.66,
5389331,25.39,-3.42,-1015.14,0.61,-1.54,-0.82,
5409340,50.78,-3.91,-1014.65,1.66,-1.24,0.20,
5429346,40.53,-6.84,-1015.14,-0.75,-3.08,0.76,
5449356,34.67,-3.91,-1015.14,1.83,0.90,-2.98,
5469365,33.20,-22.46,-1032.23,0.73,-1.16,-0.38,
5489374,35.16,-18.55,-997.56,0.44,-2.53,-0.56,
5509384,41.99,-11.72,-1017.58,2.38,-0.79,1.05,
5529395,34.18,-14.16,-1004.39,1.07,-0.11,0.03,
5549403,33.69,-11.72,-1009.77,0.06,-0.82,-2.52,
5569413,36.62,6.35,-1013.67,0.90,2.24,-0.29,
5589419,32.71,-16.11,-1010.25,0.06,0.53,-0.76,
5609429,35.16,-3.42,-996.09,-0.56,-2.27,1.56,
5629439,34.67,-16.60,-1007.81,-1.16,-1.01,0.08,
5649444,30.76,-8.79,-1045.41,-0.37,-1.18,1.04,
5669453,35.16,-10.74,-1010.74,1.73,-2.78,4.26,
5689463,37.60,-15.62,-1008.30,1.34,-0.76,-1.25,
5709472,36.62,-10.74,-1007.81,-0.40,0.38,0.52,
5729476,32.71,-16.60,-1016.11,-0.32,-1.05,2.09,
5749480,39.06,3.42,-1015.14,1.15,-4.06,-0.24,
5769485,38.09,-14.16,-1003.42,0.69,-1.15,1.45,
5789493,32.71,-4.39,-1003.91,1.48,-1.08,2.92,
5809503,37.60,4.39,-1021.97,0.67,2.14,1.76,
5829511,32.71,-12.21,-974.61,0.12,-4.69,-1.18,
5849517,38.09,-2.93,-1011.72,1.68,0.05,1.18,
5869522,35.64,-8.79,-1012.21,1.37,-2.81,-0.96,
5889528,31.74,-9.28,-1011.23,1.45,-1.44,-0.84,
5909536,21.48,-15.62,-1016.60,-0.75,-3.10,0.29,
5929541,35.64,-12.21,-1037.11,1.01,-0.02,2.34,
5949545,39.06,-14.65,-1009.28,0.50,-1.63,0.47,
5969556,18.07,-22.46,-1005.86,1.30,2.35,2.49,
5989561,35.16,-9.77,-1018.07,0.35,2.08,0.72,
6009569,41.02,-15.14,-1016.60,2.37,-2.08,2.18,
6029579,29.79,-13.18,-1009.77,-2.56,-0.85,0.03,
6049587,37.60,-18.55,-1025.39,-0.46,-0.72,-1.47,
6069596,27.83,-5.37,-999.02,-0.02,-3.77,0.40,
6089604,34.18,-14.65,-1016.11,1.98,1.47,2.49,
6109614,40.04,-1.46,-1019.53,-0.78,0.35,1.63,
6129619,39.06,-11.23,-1011.23,-0.23,2.27,2.99,
6149628,29.79,-5.37,-1012.70,0.81,-0.76,0.37,
6169632,24.90,-5.86,-1011.72,1.51,-1.05,1.13,
6189642,40.04,-16.11,-1021.48,-2.23,2.79,-0.76,
6209650,21.97,-14.65,-1011.72,-0.06,0.73,-2.37,
6229658,40.04,-8.79,-1009.28,2.90,-0.17,2.41,
6249669,43.95,-9.77,-1018.07,-0.44,-3.02,0.72,
6269678,40.53,-2.44,-1006.84,-0.53,0.05,-0.89,
6289687,21.48,-17.09,-1007.32,-0.82,0.05,0.09,
6309696,25.39,-3.42,-1016.60,0.95,1.31,1.63,
6329702,32.23,3.42,-999.02,1.97,-2.08,1.54,
6349706,26.37,-15.14,-1009.77,1.37,1.18,1.04,
6369713,43.46,-9.28,-1016.11,2.27,1.08,0.23,
6389724,36.13,-13.67,-1022.95,0.47,-0.58,0.79,
6409733,36.13,-16.60,-1009.77,-0.61,1.19,1.95,
6429738,26.37,-6.35,-1025.39,-1.73,2.72,0.03,
6449747,35.64,-17.09,-1017.09,-2.43,-3.73,0.40,
6469757,36.13,-5.86,-1006.35,-0.38,-0.03,-1.59,
6489764,17.09,-10.25,-1015.14,-1.25,1.47,-1.16,
6509771,37.11,-6.84,-1019.04,-2.64,-0.40,-3.59,
6529779,38.57,-21.97,-1005.37,-2.24,1.85,-0.95,
6549786,19.53,-21.48,-1015.62,1.05,0.06,2.32,
6569795,31.25,-14.16,-1012.70,-1.08,-0.73,1.54,
6589805,29.30,-21.00,-996.58,-1.08,-0.75,-1.18,
6609815,30.27,0.49,-1014.65,0.14,3.10,-0.67,
6629821,24.41,-13.18,-1016.60,0.37,-1.13,0.95,
6649832,37.11,-9.77,-1012.70,-0.26,-0.38,-0.26,
6669840,37.11,-3.42,-1002.93,0.43,1.04,1.18,
6689844,34.67,-3.91,-1014.65,-1.10,-0.92,-0.60,
6709853,35.64,-8.79,-1005.86,1.31,1.60,-1.94,
6729859,28.81,-11.72,-1013.67,0.84,0.63,3.08,
6749864,28.32,-8.79,-1013.18,1.71,0.47,-3.63,
6769874,49.32,-13.18,-993.65,1.21,0.20,-0.41,
6789885,30.27,-4.39,-1016.11,1.25,-1.73,-0.49,
6809895,31.74,-23.93,-1007.32,0.47,0.24,3.83,
6829906,39.55,-18.55,-1009.77,-0.34,1.25,1.83,
6849913,20.02,-9.28,-1019.53,2.05,2.14,-0.24,
6869918,21.97,-16.60,-1011.72,1.15,0.00,0.40,
6889924,34.67,-6.84,-990.72,-0.50,-0.63,1.95,
6909931,21.00,-15.14,-1013.67,-1.73,-0.55,0.34,
6929941,29.30,-16.11,-1009.77,-2.18,-2.66,-1.25,
6949947,30.76,-5.37,-1024.41,0.27,-0.44,0.70,
6969957,39.55,9.77,-1007.81,2.06,-1.05,-2.08,
6989969,35.64,-6.84,-1026.37,1.22,-1.39,0.72,
7009973,24.90,1.46,-1005.86,0.93,-0.43,-2.46,
7029980,42.48,-5.86,-1021.00,-0.43,-0.26,-0.41,
7049984,29.79,-13.67,-1022.46,0.18,1.34,0.08,
7069991,29.30,-14.16,-1015.14,-2.52,0.17,-1.10,
7089997,39.06,-12.70,-1027.83,-0.49,-0.43,0.44,
7110009,44.43,-10.74,-1026.86,-2.26,-7.42,0.96,
7130018,38.09,-16.60,-1022.95,1.21,-2.08,-1.19,
7150022,27.83,0.98,-1006.84,2.70,0.56,-2.47,
7170028,40.04,-15.62,-1013.18,-0.23,-1.59,-0.60,
7190040,29.79,-15.62,-1010.74,-0.79,-1.30,0.11,
7210047,36.13,-8.79,-970.21,-0.14,3.51,2.95,
7230057,35.16,-14.65,-1027.83,-0.15,0.56,0.05,
7250064,35.16,-2.44,-970.21,-1.59,2.29,3.25,
7270073,38.57,-4.39,-1023.44,-0.17,0.55,-0.73,
7290078,38.57,-3.91,-1008.79,0.76,-3.47,0.32,
7310088,29.30,-12.21,-1017.58,1.48,-1.42,1.16,
7330095,27.83,-12.70,-1008.79,-0.63,1.24,-2.35,
7350101,33.69,-7.81,-1011.23,0.18,0.66,0.46,
7370111,38.57,-6.84,-1021.48,2.15,0.53,-3.39,
7390121,36.13,-11.72,-1008.30,1.57,-0.08,1.31,
7410127,29.79,-15.62,-1008.30,-0.87,2.20,-0.35,
7430132,20.51,-10.74,-1012.70,-0.63,-1.80,1.94,
7450143,38.09,-8.30,-1012.21,-1.15,-0.50,-2.34,
7470149,31.74,-11.72,-1030.27,1.13,-1.19,3.66,
7490154,31.74,-4.88,-1004.39,-0.93,0.20,0.46,
7510163,25.88,-16.60,-1022.95,0.64,0.05,0.34,
7530172,24.90,-17.58,-1014.65,1.36,-0.37,3.85,
7550180,21.48,-8.79,-1010.74,1.48,0.24,-2.52,
7570189,22.46,-14.16,-1021.97,-1.77,-0.47,-0.23,
7590195,32.23,-4.88,-1014.16,-1.16,-0.95,1.34,
7610205,28.32,-4.39,-1030.76,-0.02,-1.44,-2.49,
7630215,34.67,-8.30,-1004.88,0.85,0.03,0.82,
7650221,29.30,-1.46,-1014.65,-0.85,1.18,-2.41,
7670226,22.95,-9.77,-1003.91,-2.11,1.62,-0.90,
7690233,30.27,-7.32,-1016.11,1.98,1.44,1.30,
7710242,28.81,-7.32,-1008.79,1.13,0.31,-1.92,
7730249,28.32,-6.35,-1012.70,-2.43,0.70,1.74,
7750255,27.34,-1.95,-1029.79,0.24,-2.21,0.02,
7770259,30.76,-16.60,-1017.58,1.77,-2.27,-0.70,
7790270,33.20,8.79,-956.05,2.29,3.68,-2.40,
7810280,30.76,-10.25,-1039.55,-0.85,0.11,-0.95,
7830291,31.25,-9.77,-1024.41,0.02,-0.84,0.95,
7850297,32.71,-5.37,-1015.14,1.01,-0.47,-1.62,
7870304,25.39,-12.70,-1012.70,1.25,-1.31,1.45,
7890309,41.50,-15.62,-1009.77,0.34,-1.88,0.06,
7910315,30.76,-5.37,-1012.70,0.43,1.30,1.56,
7930322,23.44,-18.55,-1022.95,0.72,1.22,0.49,
7950332,35.64,-15.14,-1001.46,0.87,1.68,-1.48,
7970339,26.86,-10.74,-1009.28,0.15,-1.36,1.08,
7990349,33.69,-10.74,-1015.62,-1.80,-1.04,3.01,
8010358,25.39,-14.65,-1029.79,0.89,-3.04,-0.41,
8030368,40.04,-5.86,-1024.41,-0.17,-2.87,-1.30,
8050372,34.18,-6.35,-1016.11,2.40,-1.02,-1.01,
8070377,38.57,-9.77,-1019.04,-0.66,-1.28,-0.31,
8090385,47.85,0.49,-1013.67,0.87,0.64,3.02,
8110394,22.95,-9.77,-1013.18,-0.02,-0.14,-2.06,
8130401,31.25,-20.02,-1046.88,1.04,1.04,-0.96,
8150406,24.41,-1.95,-1007.81,-0.44,3.19,0.17,
8170416,29.30,-15.62,-1015.14,-0.70,0.67,0.12,
8190423,38.57,-13.18,-1015.14,3.30,-0.23,0.58,
8210433,31.25,-6.84,-1010.25,3.33,-1.63,1.85,
8230442,23.44,-4.88,-1016.60,-0.67,0.05,-1.48,
8250447,29.30,-4.88,-1020.51,1.82,1.05,-0.05,
8270452,31.74,-0.98,-1014.65,1.34,-1.53,1.91,
8290461,31.74,-17.58,-1009.77,0.32,-0.27,-0.08,
8310471,38.09,-8.79,-1008.30,1.05,0.08,-0.69,
8330478,84.47,14.16,-1086.43,-0.09,-2.18,1.91,
8350483,31.25,-6.84,-1012.70,-1.02,1.25,-1.22,
8370492,39.06,-16.11,-1009.77,0.27,1.42,-0.29,
8390500,38.57,-4.88,-1011.23,-1.10,-0.67,-2.00,
8410506,28.81,-4.39,-1022.95,1.04,1.39,0.90,
8430512,39.55,-16.11,-1013.67,0.63,-2.69,1.18,
8450517,39.55,-17.09,-1015.14,-0.72,1.39,1.37,
8470521,36.62,-4.88,-1024.41,-2.15,0.03,-3.53,
8490531,26.37,-1.95,-1014.16,-1.02,-1.91,1.31,
8510536,18.07,-12.70,-1016.60,1.56,-0.58,0.35,
8530543,22.95,-18.07,-1003.42,-0.53,0.15,-0.92,
8550550,16.11,-9.28,-1015.62,-0.35,1.02,-0.78,
8570560,27.83,-7.81,-1006.84,-1.11,-1.74,0.02,
8590568,40.04,-4.88,-1007.32,1.31,-0.26,0.61,
8610576,36.62,-2.44,-1023.44,-1.50,0.18,0.61,
8630582,33.69,-7.32,-1009.28,0.75,-0.76,1.45,
8650587,36.62,-13.18,-1015.62,3.28,-2.00,0.69,
8670597,28.81,-11.72,-1008.79,1.57,-1.36,-1.98,
8690607,37.60,-7.32,-1012.21,-0.31,0.76,0.76,
8710617,32.71,-9.77,-1007.81,0.44,-0.06,-2.06,
8730623,34.67,-11.23,-1016.11,0.69,-1.48,0.34,
8750631,35.16,-12.21,-1017.09,1.76,0.11,-0.95,
8770640,38.09,-9.28,-1005.37,-0.40,0.47,2.40,
8790648,37.60,-3.42,-1021.97,-1.66,1.22,3.27,
8810657,28.81,-4.39,-1004.39,0.82,-0.43,0.21,
8830663,34.18,-2.93,-1023.44,1.33,-0.98,2.82,
8850669,20.02,-13.67,-1013.67,-0.44,1.01,0.67,
8870674,30.76,-5.37,-1014.65,0.17,-0.03,-0.29,
8890680,33.69,-16.11,-1012.70,-0.11,1.11,-0.20,
8910684,31.74,-1.46,-1008.79,1.07,-2.96,-1.85,
8930692,29.30,-14.65,-1010.74,-1.28,-0.73,3.15,
8950698,21.97,-4.39,-1020.02,-0.69,0.31,0.95,
8970703,30.76,-5.86,-1013.67,-0.06,1.47,-3.34,
8990709,34.18,-8.30,-1018.07,-1.28,0.40,0.11,
9010713,27.83,-6.35,-1008.79,0.92,-0.93,-1.11,
9030721,32.71,-15.14,-1011.23,-1.47,0.55,-0.66,
9050731,21.97,-16.60,-1000.98,0.53,0.47,3.74,
9070740,28.81,0.00,-1002.93,-0.17,-2.56,-2.05,
9090748,25.88,3.42,-1009.77,-0.98,0.50,-1.01,
9110754,21.97,-16.60,-1025.88,0.70,1.01,-0.63,
9130763,30.27,-6.84,-1013.67,0.12,0.89,-0.24,
9150768,22.95,-10.25,-1017.09,0.85,0.49,-0.72,
9170776,31.25,-19.04,-1005.86,-0.06,-0.46,0.14,
9190784,34.67,-3.42,-1026.37,1.25,0.81,-0.82,
9210792,29.79,-3.42,-1017.09,3.10,0.60,-0.50,
9230802,30.76,-20.02,-1000.98,-1.63,1.47,-0.44,
9250810,33.20,2.44,-1008.79,-1.22,0.66,0.02,
9270817,23.44,-14.65,-1008.30,0.43,-0.15,-1.51,
9290824,41.02,-6.35,-1007.32,0.58,-3.47,-1.05,
9310830,24.90,-11.72,-1014.16,0.61,0.35,-0.63,
9330841,33.20,-21.48,-1020.51,-0.37,0.76,2.73,
9350849,31.25,-4.88,-1015.14,2.96,2.15,2.40,
9370858,45.90,-5.37,-1000.98,0.98,1.73,0.15,
9390869,32.71,-12.70,-1022.95,-0.79,0.43,-1.83,
9410877,39.06,-17.09,-1006.84,1.19,-0.31,-0.87,
9430886,37.60,-18.55,-1018.07,0.26,-1.42,-0.12,
9450896,23.93,-11.72,-1019.53,1.37,-1.68,1.45,
9470902,35.16,-8.79,-1015.62,2.09,1.04,0.08,
9490912,29.30,-2.44,-1011.72,-0.70,1.42,-2.92,
9510919,40.53,1.46,-1008.30,0.69,-1.56,-0.15,
9530925,34.67,-8.79,-1025.88,1.51,-1.07,0.44,
9550935,30.76,-5.37,-1015.14,0.08,0.09,0.06,
9570943,29.30,0.49,-1012.70,0.15,0.60,-1.88,
9590952,48.34,-3.91,-1022.46,-0.64,-1.85,-0.23,
9610957,32.71,-21.97,-1022.95,-0.70,-0.67,1.74,
9630967,28.32,-21.48,-1007.81,3.60,0.21,-1.56,
9650971,33.69,-11.72,-1013.18,-0.58,1.88,-0.79,
9670976,35.16,-11.23,-1015.14,0.08,1.25,-1.33,
9690986,28.81,-2.44,-1024.90,-1.18,-2.58,1.28,
9710994,26.37,-8.30,-1005.86,-0.11,-0.66,-1.97,
9731000,27.34,-5.86,-1014.65,-0.31,0.61,0.05,
9751007,36.13,-2.44,-1021.97,-0.67,1.88,2.35,
9771017,26.37,-8.79,-1023.93,1.27,-3.51,0.52,
9791025,32.71,-19.04,-1015.14,1.37,0.26,1.63,
9811036,35.16,-5.86,-1017.58,-1.69,1.95,-0.11,
9831046,32.71,-0.98,-1001.46,-0.15,-0.41,0.95,
9851053,25.88,2.44,-1013.67,-0.78,-0.79,-0.50,
9871062,33.69,-2.44,-1011.72,-0.17,-0.81,1.85,
9891067,21.48,-4.39,-1006.84,1.37,0.12,-1.22,
9911073,34.67,-0.98,-1008.79,1.34,1.50,-0.35,
9931078,31.74,-9.28,-1009.77,2.73,-2.23,1.85,
9951088,31.74,-6.35,-999.51,0.00,0.24,-0.56,
9971099,41.02,-12.70,-1016.60,-0.93,-0.34,2.17,
9991108,30.27,-20.02,-1021.48,-0.63,1.65,1.10,
10011115,27.34,-2.93,-1009.28,2.31,-0.58,1.04,
10031122,26.86,-11.23,-1019.53,1.21,-2.50,0.12,
10051132,27.34,0.00,-1010.25,-1.48,-0.72,2.18,
10071143,24.90,-10.74,-1010.25,-1.77,-0.96,-1.77,
10091150,20.51,-15.62,-1017.58,-1.10,0.93,-1.34,
10111156,35.64,-1.95,-1018.55,1.85,1.33,0.31,
10131160,27.83,-5.37,-1006.35,1.60,1.11,-1.48,
10151167,26.86,8.30,-1014.65,-1.31,-0.64,1.53,
10171171,34.67,-16.60,-1018.07,-0.03,0.44,0.66,
10191179,16.11,-6.35,-1009.77,-0.50,-1.91,0.31,
10211187,35.16,-14.65,-1010.74,0.58,-0.95,0.56,
10231193,30.76,-4.39,-1004.39,2.17,-3.30,1.30,
10251203,43.95,-26.86,-1028.32,4.17,-0.27,0.95,
10271213,13.67,-22.46,-1016.60,0.44,0.49,-1.60,
10291222,24.90,-10.74,-1009.28,0.37,1.71,2.17,
10311231,37.60,-12.21,-989.75,0.21,-0.12,0.60,
10331236,31.25,-17.09,-1020.02,-1.50,1.01,2.18,
10351241,27.83,-2.93,-1014.65,-0.27,-1.22,1.50,
10371249,36.13,-16.11,-1010.74,1.39,0.82,-2.44,
10391259,28.81,-1.46,-1022.95,0.21,-1.16,-1.30,
10411265,30.27,-8.79,-1015.14,-0.44,0.00,-0.27,
10431274,26.86,-1.95,-1009.28,-0.58,-0.84,0.53,
10451281,40.53,-0.98,-1013.67,-1.48,-0.47,-0.37,
10471292,23.93,-10.74,-1000.49,0.76,0.27,1.34,
10491299,21.97,-10.74,-1006.84,0.66,0.43,1.30,
10511304,34.67,-11.72,-1019.53,1.01,-1.18,-0.67,
10531314,26.86,-9.28,-1016.60,-0.81,-0.69,-0.90,
10551322,21.48,-18.55,-1004.39,-1.24,-0.15,0.87,
10571330,33.20,-10.25,-1022.46,0.53,1.44,0.81,
10591340,32.23,-17.09,-1009.77,-1.65,-1.44,3.13,
10611351,21.97,-16.60,-1008.79,0.90,0.76,0.85,
10631357,22.95,-5.86,-1013.18,0.06,1.76,-2.47,
10651364,33.20,0.49,-1011.23,0.32,-0.75,-1.69,
10671372,32.23,-6.84,-1016.11,-0.02,-0.44,-0.38,
10691382,19.53,-3.42,-1012.21,-0.90,-0.37,-0.70,
10711388,34.18,-23.44,-1010.74,-0.50,1.16,-0.38,
10731397,22.46,-10.74,-1012.70,1.83,-2.20,-1.10,
10751408,41.99,-7.81,-1011.23,-2.63,0.17,1.79,
10771418,28.81,-13.67,-1019.53,-0.43,0.52,-0.03,
10791429,18.55,-2.44,-1016.11,-0.93,0.34,1.39,
10811438,27.83,-0.49,-1009.28,0.55,-0.61,-0.72,
10831448,39.06,-3.91,-1010.25,-0.53,-0.50,-0.99,
10851458,33.69,-15.14,-1014.65,-2.56,-0.64,-1.85,
10871467,29.30,-4.88,-1007.81,0.20,2.55,0.06,
10891475,21.97,-19.53,-998.05,0.85,-1.31,-0.85,
10911484,29.30,-3.42,-1012.70,-0.70,0.27,0.38,
10931493,29.79,-3.91,-1013.67,-1.59,0.90,1.34,
10951501,38.09,-22.46,-1015.14,1.50,2.67,-1.28,
10971506,41.99,-9.28,-1007.81,2.12,1.11,1.18,
10991513,22.95,-11.23,-1012.21,-2.02,0.55,0.55,
11011522,35.64,-2.93,-1024.41,0.92,0.64,-0.23,
11031532,37.11,-5.86,-1014.16,-1.42,0.31,-2.87,
11051538,32.23,-11.23,-1014.16,-1.66,-1.98,0.31,
11071542,25.39,-6.84,-1017.58,-1.79,-0.58,0.76,
11091549,28.32,-15.62,-1003.91,0.29,0.02,0.90,
11111558,17.58,-10.25,-1007.81,-1.10,-2.17,-0.84,
11131569,23.44,0.00,-1005.37,0.56,-0.53,-0.15,
11151574,23.93,-9.28,-1013.18,-0.23,0.46,-0.12,
11171583,34.67,-13.67,-1009.28,-0.40,-0.96,1.79,
11191589,21.48,5.86,-1016.60,1.42,-0.11,0.44,
11211594,21.97,-3.91,-1022.46,1.94,1.22,2.02,
11231603,27.83,-5.37,-1006.84,0.75,-1.08,-0.53,
11251607,25.39,-7.81,-1016.11,-1.24,0.82,0.26,
11271619,22.46,-7.81,-1015.14,-1.05,-4.32,0.58,
11291626,31.74,-11.23,-1017.58,-0.12,1.60,1.33,
11311632,23.44,-11.23,-1006.84,0.11,2.47,-1.80,
11331641,45.90,2.93,-1012.21,-1.01,-0.96,0.50,
11351650,21.97,5.37,-1012.70,1.15,-0.06,0.18,
11371654,33.69,-17.58,-1008.30,1.15,-3.02,2.63,
11391660,32.71,-15.62,-1015.62,-1.62,0.24,-0.56,
11411669,23.44,-16.11,-1010.74,0.35,1.37,-0.73,
11431680,19.53,-2.44,-1000.98,0.64,0.17,-0.61,
11451689,32.71,-13.67,-1009.28,1.95,-1.15,0.92,
11471694,34.18,-20.02,-1022.46,-0.43,0.20,0.64,
11491704,21.48,-19.04,-1016.60,-1.02,0.23,-0.66,
11511708,35.64,-9.77,-1008.30,0.05,0.82,1.44,
11531715,26.86,-17.58,-1020.51,2.38,0.18,-0.38,
11551720,35.64,-5.37,-1009.28,0.84,0.17,0.67,
11571729,20.02,-6.35,-1017.09,-0.05,2.21,1.56,
11591736,23.44,-24.90,-1023.93,0.60,-2.43,3.83,
11611742,28.32,-13.18,-1021.48,0.70,-2.29,5.04,
11631747,32.23,-16.11,-979.49,-1.50,-1.51,-0.87,
11651751,29.30,-20.51,-1021.48,0.15,1.48,3.50,
11671760,9.28,-4.39,-1012.21,2.06,-1.66,0.38,
11691768,33.20,-16.60,-1015.14,0.41,-1.69,-1.15,
11711775,27.34,-11.72,-1020.02,-0.52,1.89,2.37,
11731784,28.32,2.44,-1002.44,-1.82,3.07,-2.43,
11751791,22.95,-9.77,-1002.93,1.94,-1.40,1.53,
11771795,16.60,-8.30,-1011.23,0.78,1.48,0.02,
11791806,20.51,-10.74,-1008.79,0.23,1.82,0.11,
11811814,15.14,-14.16,-1004.88,3.33,0.53,0.98,
11831824,24.90,-14.65,-1017.58,-1.15,1.13,2.06,
11851834,26.86,-18.07,-1010.25,-1.94,0.23,-1.54,
11871841,27.34,7.81,-1007.32,-1.30,1.02,-1.54,
11891846,30.27,-17.09,-1013.67,0.24,-2.56,0.81,
11911857,20.51,0.98,-1021.48,0.64,-1.10,2.93,
11931867,30.76,-9.77,-1020.02,-1.24,1.31,-1.62,
11951875,36.62,-15.14,-1011.72,-2.58,0.05,2.12,
11971882,32.23,-9.77,-1006.35,-0.12,-1.24,-0.96,
11991892,35.16,-18.55,-1022.46,0.12,1.45,-1.44,
12011896,29.79,-9.28,-1012.70,-0.18,1.16,-1.76,
12031906,31.25,-9.28,-1008.30,1.05,1.74,1.16,
12051916,32.23,-11.23,-1012.70,1.05,0.34,-1.86,
12071924,23.93,-8.30,-1014.16,-1.28,0.26,0.41,
12091932,31.74,-16.11,-1005.86,0.08,-1.01,-1.15,
12111942,41.99,-7.32,-1015.62,-1.80,-0.90,1.22,
12131950,22.95,-7.32,-1024.90,0.08,-0.49,4.09,
12151959,27.83,-19.04,-1006.84,0.06,-0.26,4.09,
12171968,31.25,-10.25,-1010.25,0.00,0.76,-1.24,
12191975,16.60,-0.49,-1005.37,1.89,0.09,-0.32,
12211984,21.48,-8.30,-1013.18,1.59,-0.06,1.89,
12231988,32.71,-24.90,-1011.23,1.28,-1.97,3.66,
12251998,31.74,-6.35,-1004.39,-0.47,-1.01,-1.24,
12272003,30.76,-13.67,-1025.39,-1.15,0.26,0.61,
12292011,28.32,-12.70,-1017.58,-1.25,-0.26,1.33,
12312018,23.44,-23.44,-1020.02,0.09,-1.76,2.56,
12332027,27.34,-16.11,-1017.58,-1.02,0.58,-0.26,
12352037,25.88,-2.44,-1011.23,1.54,0.31,-1.57,
12372046,30.76,-21.00,-1000.49,0.14,-1.95,-3.19,
12392054,21.48,-16.11,-1017.09,0.82,-0.18,-0.27,
12412065,21.00,-2.93,-1003.42,0.29,-0.14,-1.36,
12432075,30.27,0.49,-1021.97,-1.88,-0.75,2.17,
12452082,20.02,-10.74,-1016.11,0.66,-0.87,1.54,
12472089,28.81,-6.84,-1017.58,0.31,-0.06,0.12,
12492098,27.83,-5.86,-1010.25,1.79,-0.02,-2.37,
12512105,15.62,-20.51,-1022.46,-1.33,0.41,0.49,
12532112,15.14,3.42,-1018.55,2.72,-1.97,-1.21,
12552121,21.48,-2.93,-1009.77,-0.32,-1.47,-0.35,
12572130,24.41,-19.04,-1013.18,-0.89,-2.14,-1.22,
12592140,40.04,0.49,-939.94,-0.35,-1.45,2.05,
12612148,12.21,-0.98,-1026.86,-0.31,-1.19,1.76,
12632158,22.95,-6.84,-1014.16,0.38,1.08,0.00,
12652163,21.97,-21.97,-1008.30,1.25,1.98,-1.71,
12672174,27.34,-21.97,-1012.70,-1.22,1.65,-1.60,
12692178,25.88,-13.67,-1012.70,2.41,0.64,-1.59,
12712182,19.04,-8.79,-1020.51,-0.46,-2.89,0.72,
12732191,30.27,-13.67,-1017.09,0.23,0.20,1.28,
12752200,28.32,-14.65,-1020.02,0.15,-1.47,1.47,
12772206,21.00,-12.21,-1012.70,-0.27,-1.16,-0.52,
12792211,15.62,-12.21,-1000.98,2.15,-3.02,-0.49,
12812219,19.53,-7.32,-1019.04,-1.39,0.49,-3.01,
12832225,11.72,-8.79,-1016.60,1.69,1.79,0.81,
12852235,18.55,-5.86,-1019.53,0.20,-0.47,3.98,
12872244,12.21,-17.58,-1012.70,2.60,0.92,-2.82,
12892253,33.69,-16.60,-1012.21,-0.47,0.96,3.79,
12912260,10.74,-18.55,-1022.46,-0.32,-0.53,2.31,
12932271,10.74,-3.91,-1013.18,-1.79,-1.13,1.25,
12952277,21.48,-16.60,-1012.21,0.85,-0.81,-3.63,
12972284,24.90,-5.86,-1018.07,-0.24,2.38,2.56,
12992295,21.97,-10.74,-1014.16,-2.64,-0.35,0.84,
13012301,16.60,-16.60,-1014.65,2.14,-2.43,-2.37,
13032309,20.02,-8.30,-1008.79,-1.40,-1.86,-0.34,
13052317,8.79,0.00,-1017.58,0.14,0.63,-2.29,
13072321,18.55,-4.88,-997.07,-0.08,-2.05,1.16,
13092327,21.97,-11.23,-1012.21,-0.09,0.37,3.30,
13112337,18.07,-9.28,-1005.86,0.70,-0.87,-0.43,
13132348,21.48,-7.81,-1006.84,-0.81,-0.72,3.10,
13152355,28.32,-5.86,-1004.39,-0.02,-0.35,-0.60,
13172363,17.09,-17.09,-967.29,-2.37,1.30,0.73,
13192369,13.67,-3.42,-1000.98,-0.85,0.60,-3.97,
13212380,14.65,-16.60,-1007.32,-0.61,1.85,-1.16,
13232388,22.95,-5.37,-1007.32,2.76,-2.08,0.31,
13252398,16.60,-5.86,-1015.14,1.05,-2.05,2.20,
13272406,12.21,-14.65,-1015.14,-0.52,1.02,1.71,
13292413,19.53,-8.79,-1012.70,-0.69,-2.78,-1.82,
13312420,15.62,-1.95,-1012.21,2.26,0.06,-1.54,
13332428,-0.98,-9.28,-1022.46,-0.35,0.44,-1.91,
13352437,27.83,-18.07,-1012.21,-1.13,1.08,-1.76,
13372445,20.51,-5.37,-1017.09,-0.63,-0.79,1.86,
13392454,16.11,-10.74,-1015.14,1.53,2.24,4.09,
13412459,20.02,0.00,-1019.04,-0.21,-1.39,0.15,
13432463,14.65,-12.70,-1017.58,-0.52,-0.20,-3.63,
13452467,12.70,-15.62,-1015.62,0.46,-0.46,-0.47,
13472476,15.62,-3.42,-1009.77,2.58,0.98,-1.11,
13492481,31.74,-6.84,-1019.53,-0.98,2.35,2.18,
13512485,23.93,-9.77,-1016.60,-1.65,-0.06,1.98,
13532491,9.28,-7.81,-1013.67,1.07,2.23,-0.26,
13552495,21.00,0.98,-1016.60,0.53,1.21,0.02,
13572500,12.21,-3.42,-1017.09,1.68,0.64,0.00,
13592507,21.97,-11.23,-1018.07,-0.76,0.17,1.15,
13612517,24.41,-14.16,-1017.58,0.78,2.63,1.60,
13632523,11.23,-17.09,-1014.16,0.82,2.05,2.93,
13652529,17.58,-13.18,-1020.51,2.46,-0.38,1.88,
13672536,15.14,-12.70,-1018.07,1.80,-1.28,-2.89,
13692542,26.86,-5.86,-1018.07,0.31,0.53,-0.63,
13712549,19.04,-9.77,-1014.16,0.98,-0.08,-3.34,
13732558,34.18,-12.21,-1011.72,0.99,0.05,-0.73,
13752566,11.72,-22.46,-1005.86,-0.75,0.79,-2.38,
13772574,21.97,-17.09,-1010.74,0.44,-2.52,0.79,
13792580,12.70,-10.25,-1001.95,0.61,-1.13,0.08,
13812586,19.04,-5.37,-1016.11,-1.36,3.56,-1.13,
13832596,14.16,-10.74,-1005.86,0.67,1.13,0.02,
13852606,21.48,-10.25,-1012.70,3.40,-0.15,-1.54,
13872614,21.48,-4.39,-1009.77,1.97,-0.60,-1.31,
13892623,18.07,-10.74,-1007.32,1.24,0.53,3.31,
13912630,21.97,-14.65,-1020.02,-1.36,2.00,-0.73,
13932639,21.48,-26.37,-1019.53,0.03,-0.69,2.52,
13952650,22.46,3.42,-1010.25,1.40,0.81,-1.05,
13972655,13.18,-5.37,-1017.58,-1.89,-0.26,-2.09,
13992663,21.97,-0.98,-1014.16,2.00,-1.08,-0.60,
14012669,15.14,-17.09,-1018.55,2.02,-1.02,-0.92,
14032677,22.46,-24.41,-1015.62,0.09,-1.59,0.55,
14052686,20.02,-10.74,-1015.62,-0.85,1.13,-0.02,
14072693,17.09,-1.95,-1018.07,-1.21,-1.82,-3.30,
14092699,15.14,-6.84,-1023.93,-1.27,-1.91,2.18,
14112708,9.28,-3.91,-1005.86,1.10,1.08,-0.72,
14132715,11.72,-5.86,-1009.28,0.64,-0.34,-1.94,
14152724,25.88,-9.28,-1012.70,2.24,0.92,-0.43,
14172734,9.28,-14.16,-1014.65,-0.99,0.53,-1.51,
14192738,12.21,-6.84,-1019.04,-1.91,-2.34,1.44,
14212745,22.95,-13.67,-1009.77,-2.61,0.60,3.98,
14232753,29.79,-18.55,-1026.37,0.34,0.32,-0.82,
14252759,30.27,-9.77,-1012.70,1.19,-1.48,1.04,
14272770,26.86,-6.35,-999.51,0.82,1.01,2.41,
14292777,12.70,-19.04,-1000.98,-0.79,-0.23,-1.51,
14312782,13.18,-15.62,-1011.72,-0.18,0.64,-0.99,
14332791,18.07,-25.88,-1021.00,2.34,-1.47,0.92,
14352801,8.30,-15.14,-1013.18,-0.23,-0.20,1.39,
14372812,20.02,-19.04,-1013.67,-2.09,1.22,-2.61,
14392823,8.79,-3.91,-1013.18,1.73,-0.81,-0.15,
14412832,21.48,-5.37,-1014.16,0.11,-1.05,0.37,
14432837,12.70,-14.65,-1012.21,-0.72,-1.15,1.92,
14452844,21.97,-6.35,-1010.25,-1.18,-0.08,0.56,
14472849,24.41,-7.81,-1006.84,0.49,2.11,0.79,
14492858,13.18,-7.81,-1022.95,1.45,-0.47,1.10,
14512869,11.72,-2.44,-1020.51,0.47,-1.42,0.78,
14532879,12.70,-16.11,-1020.51,-0.58,-0.12,-0.38,
14552888,13.18,-17.58,-1012.70,-0.53,-1.63,0.38,
14572893,37.60,-8.30,-1004.88,2.87,0.56,-0.64,
14592899,20.51,-14.65,-999.51,0.27,-0.47,0.70,
14612910,9.77,-15.62,-1015.62,-1.13,0.46,0.95,
14632917,18.55,-17.58,-1008.30,-0.12,1.22,-2.11,
14652924,17.58,-21.97,-1019.04,-0.90,-2.82,-0.27,
14672935,20.51,-17.58,-1009.77,1.30,-2.26,1.63,
14692944,18.55,-20.02,-1010.25,-1.22,-0.26,-0.64,
14712951,26.86,-1.46,-1021.97,0.47,-0.09,1.74,
14732959,10.74,-16.11,-1016.60,-0.44,0.35,0.50,
14752965,17.09,-7.81,-1013.18,0.05,0.84,-1.53,
14772976,25.39,-25.88,-1008.30,-0.49,1.40,-0.15,
14792981,13.67,-10.25,-1013.18,-0.53,-2.17,0.44,
14812987,35.16,-16.60,-1053.22,3.02,-0.15,-1.54,
14832992,9.77,-22.46,-1002.44,-1.10,0.09,1.39,
14853002,14.65,-7.81,-1001.46,0.70,-2.03,1.19,
14873012,30.76,-8.79,-1024.41,-1.15,-0.06,1.11,
14893018,12.21,-14.65,-1021.48,0.35,0.17,0.81,
14913026,15.62,-4.39,-1020.02,0.61,-0.49,-1.51,
14933032,14.16,-1.46,-1014.65,-2.50,0.26,-0.32,
14953038,21.48,-21.97,-1013.67,1.04,0.66,-1.76,
14973048,20.51,-5.86,-1017.09,3.08,-1.21,2.37,
14993055,16.11,-4.39,-1011.72,-0.47,0.56,0.79,
15013061,25.88,-13.18,-1022.46,-1.18,0.50,-1.21,
15033067,29.79,-8.30,-1012.70,0.92,-0.84,-1.27,
15053075,20.51,-5.37,-1015.14,1.18,-3.01,0.85,
15073082,21.48,-6.35,-1009.28,-0.41,0.84,1.30,
15093090,35.64,-10.74,-1014.16,-0.40,-0.29,-0.43,
15113095,8.30,-9.28,-1007.81,-0.11,-1.47,0.72,
15133102,13.18,-13.18,-1014.16,0.53,0.49,0.55,
15153109,2.44,-13.18,-1013.18,-0.63,0.66,0.70,
15173115,16.60,-2.44,-1003.91,1.36,2.05,2.84,
15193123,24.41,-5.37,-1012.70,1.51,-2.40,-1.71,
15213133,20.51,0.98,-1010.74,2.00,0.72,0.58,
15233140,24.41,-6.35,-1009.28,0.67,-2.14,-1.42,
15253146,19.53,-1.95,-1022.46,0.89,-0.24,-2.46,
15273151,8.79,-1.46,-1012.70,0.14,-1.40,0.69,
15293160,21.48,-5.37,-1014.16,1.85,-0.60,3.36,
15313168,7.32,-19.04,-1013.67,-1.94,-1.98,-0.81,
15333174,30.76,-10.25,-1027.83,-0.90,-0.98,2.82,
15353181,29.30,0.00,-1006.84,0.44,1.60,0.27,
15373186,15.62,-12.70,-1020.02,1.36,-0.24,0.78,
15393196,14.16,-12.70,-1007.81,-1.33,-0.08,-0.95,
15413204,13.18,-12.21,-1008.30,-0.21,1.25,-0.92,
15433209,18.07,-18.07,-1019.04,-0.12,-0.47,1.92,
15453221,22.95,-14.16,-1009.77,-2.09,-1.42,0.40,
15473227,29.30,-7.81,-1013.18,0.02,0.78,0.60,
15493237,19.04,-21.00,-1016.11,0.99,1.91,-1.85,
15513242,20.51,-11.72,-1000.98,-0.58,1.18,0.55,
15533248,18.07,-25.88,-1008.79,-1.02,-1.83,-0.47,
15553256,25.39,-24.41,-1012.70,-0.49,-1.80,-2.41,
15573264,27.83,-3.42,-1008.30,-0.20,0.09,2.14,
15593275,17.58,-23.44,-1017.09,2.12,1.62,1.16,
15613281,8.79,-14.65,-1017.09,-0.20,1.01,1.45,
15633291,7.32,-18.55,-1013.67,0.60,0.46,-1.69,
15653300,25.88,-10.74,-1014.16,-0.41,-0.35,2.58,
15673306,19.04,-20.51,-1012.70,0.24,-0.27,-0.92,
15693315,21.00,0.49,-1018.07,2.27,-0.35,-3.08,
15713322,22.95,-13.18,-1023.44,-0.38,2.79,2.23,
15733331,4.39,-11.23,-1008.30,1.16,-1.80,-0.66,
15753336,7.32,-29.79,-1021.48,-1.01,0.81,-0.52,
15773346,15.14,-6.35,-1014.65,-0.55,0.09,-3.51,
15793355,21.00,-15.14,-1019.04,0.63,-0.17,-3.13,
15813362,23.93,-17.09,-1015.62,0.93,1.82,0.89,
15833372,15.14,-12.21,-1008.79,1.92,-0.34,-0.70,
15853378,13.67,-12.21,-1012.21,0.90,1.16,0.76,
15873387,12.70,-15.62,-1013.67,-1.02,1.91,-1.18,
15893394,7.81,-8.30,-1007.32,1.27,-1.25,-2.46,
15913401,20.02,-5.37,-1010.74,-0.14,-0.75,-0.26,
15933406,22.46,-18.07,-1016.60,2.32,1.36,-2.00,
15953417,21.00,-15.14,-1020.51,1.48,1.30,-0.38,
15973422,10.74,-14.65,-1019.53,0.12,2.35,-0.26,
15993430,9.77,-22.46,-1013.67,0.75,0.75,-0.03,
16013439,18.07,-10.25,-1011.72,-0.31,2.03,1.60,
16033451,24.41,-6.84,-1015.62,-2.72,0.90,-1.08,
16053456,12.70,-6.84,-1012.21,1.48,-3.59,0.21,
16073463,10.25,-3.91,-1015.14,-0.06,0.90,-0.27,
16093474,12.21,-10.25,-1021.48,-2.90,-1.92,-0.24,
16113483,17.09,-11.72,-1019.04,0.52,-1.27,-0.20,
16133487,23.44,-4.88,-1014.16,0.78,0.27,2.66,
16153498,10.74,-19.53,-1018.07,2.29,-0.38,0.14,
16173503,34.18,-4.88,-1004.88,-0.23,-0.70,0.67,
16193511,11.72,-21.97,-1010.74,0.08,1.44,0.66,
16213518,14.16,-16.11,-1015.62,1.47,-2.32,2.87,
16233524,17.58,-7.32,-1017.09,0.41,-1.50,-0.52,
16253534,10.74,-24.41,-1014.65,-2.27,-1.59,1.07,
16273540,24.90,-12.21,-1019.53,-0.29,1.42,0.84,
16293549,28.32,-16.11,-1006.84,-0.82,-1.63,-1.74,
16313560,10.25,-26.37,-1010.25,-0.55,-1.53,1.22,
16333567,20.02,-8.30,-1001.46,-1.79,-0.60,0.11,
16353576,8.30,-22.95,-1010.74,-2.58,2.58,-0.60,
16373582,17.09,-17.58,-1021.00,1.02,-1.51,0.66,
16393587,3.91,-9.28,-1015.62,-0.56,-0.14,-0.03,
16413594,18.07,-16.11,-1005.37,-0.47,1.73,0.44,
16433602,17.09,-19.04,-1009.28,0.23,-0.50,0.20,
16453609,21.48,-18.55,-1017.09,1.01,-1.18,1.13,
16473620,17.09,-19.53,-1014.65,-1.18,1.37,3.30,
16493625,15.62,-15.62,-1010.74,-2.12,0.34,1.16,
16513631,30.27,-11.23,-1015.62,2.15,-1.04,2.34,
16533635,11.23,-17.09,-1009.28,0.44,0.37,-0.41,
16553644,20.02,-12.21,-1014.65,-0.63,1.13,-2.18,
16573652,16.60,-9.28,-1009.77,0.35,0.78,1.28,
16593662,35.64,-17.58,-1015.14,0.27,-3.27,2.85,
16613666,23.93,-6.35,-1013.18,-0.20,-0.64,-1.74,
16633678,11.72,-10.74,-1011.23,-2.95,-0.38,1.83,
16653684,20.51,-17.58,-1014.65,0.05,-1.27,1.44,
16673694,17.58,-11.23,-1011.72,-0.52,0.50,1.48,
16693703,11.72,-12.21,-1023.93,1.28,-0.93,-0.49,
16713712,15.14,-8.79,-1012.70,-0.53,-0.35,1.63,
16733722,17.09,-0.98,-1021.97,-1.92,1.91,1.22,
16753727,15.14,-9.77,-1015.14,2.08,-1.33,2.50,
16773737,12.70,-20.02,-1011.72,0.32,1.50,-0.52,
16793745,19.04,-9.77,-1016.11,-1.66,-0.26,0.84,
16813752,21.00,-5.86,-1012.21,0.12,-0.72,-3.15,
16833760,28.32,-19.04,-1020.02,2.34,1.48,0.11,
16853769,27.83,-15.14,-1010.74,0.73,-0.31,1.71,
16873779,17.58,-9.28,-1006.35,-1.18,-0.69,-0.82,
16893783,13.18,-14.65,-1018.07,-2.85,-0.99,-1.39,
16913793,16.60,-5.37,-1000.49,-0.40,-0.44,0.12,
16933798,14.65,-11.23,-1019.04,-0.98,-0.63,1.33,
16953803,26.37,-2.44,-1006.84,-1.60,1.54,-1.82,
16973813,23.44,-18.07,-1010.74,0.40,1.13,-1.74,
16993820,6.84,-17.09,-1021.97,0.93,0.79,0.60,
17013828,10.25,-11.23,-1017.58,1.56,-2.03,-0.47,
17033832,28.32,-16.11,-1018.07,-0.21,1.59,2.26,
17053841,19.04,-16.11,-1011.23,-0.61,1.95,1.48,
17073847,21.00,-6.84,-1024.41,-0.05,0.03,-2.17,
17093856,21.00,-5.37,-1017.09,0.26,-1.18,1.01,
17113866,24.41,-13.18,-1011.72,-0.67,1.47,-1.33,
17133876,36.62,-5.37,-1020.51,-1.36,-0.35,-0.52,
17153882,17.09,-0.98,-1005.86,2.38,-0.26,-0.47,
17173888,17.58,-6.84,-1018.55,1.02,4.67,-0.18,
17193899,21.48,-20.02,-1018.07,-1.47,0.55,-1.15,
17213908,19.53,-17.58,-1012.70,-0.79,-1.73,-0.75,
17233918,1.95,-9.28,-1017.58,0.81,1.95,0.82,
17253924,16.60,-18.55,-1010.74,0.27,-1.63,1.02,
17273932,7.32,-21.97,-1024.90,-1.37,-0.21,0.44,
17293943,28.32,-15.14,-1014.16,-0.96,0.26,0.90,
17313949,24.90,-16.60,-1002.44,0.50,-0.92,-0.35,
17333959,10.74,-16.11,-1012.70,-0.53,0.95,-2.44,
17353966,19.53,-12.21,-1009.77,-0.78,1.16,-1.44,
17373974,19.53,-24.90,-1008.79,-0.06,0.15,-0.18,
17393980,22.95,-16.60,-1010.74,0.40,-1.37,0.92,
17413990,33.20,-1.95,-1026.86,0.06,-1.85,0.08,
17434000,13.67,-9.77,-1013.67,-0.40,-0.24,2.60,
17454006,19.04,-12.70,-1014.16,1.51,-1.65,2.84,
17474014,25.39,-10.25,-1018.07,0.90,0.05,-1.82,
17494024,20.51,-14.65,-1012.70,2.20,1.10,-0.41,
17514029,19.04,0.00,-1012.70,0.29,0.96,0.43,
17534035,14.65,-12.21,-1021.48,0.84,-2.60,0.78,
17554041,15.14,-16.11,-1007.81,1.92,-0.21,-1.15,
17574051,12.70,-9.77,-1016.11,0.46,-1.83,-1.34,
17594055,27.34,-10.74,-1007.81,-2.02,1.83,-0.37,
17614065,35.16,-12.70,-1004.39,1.53,0.23,-0.81,
17634074,26.37,-16.11,-1018.55,-1.04,0.05,1.86,
17654082,14.16,-15.14,-1017.58,-1.68,0.61,-0.23,
17674090,7.81,-18.55,-1017.09,0.50,-0.21,-4.08,
17694097,29.30,-4.39,-1007.81,2.75,-1.74,0.60,
17714102,15.62,-9.77,-999.51,0.75,-1.01,0.09,
17734109,17.58,-10.25,-1013.18,0.00,0.18,0.60,
17754117,17.09,-18.55,-1016.60,1.62,2.00,-0.32,
17774125,12.21,-3.91,-1022.95,1.34,-1.83,1.40,
17794134,14.16,-9.77,-1014.65,0.06,-1.91,0.67,
17814142,21.97,-8.30,-1011.72,0.75,-1.28,-2.70,
17834153,25.39,-10.25,-1007.32,-1.15,0.02,-1.57,
17854158,19.53,-5.86,-1016.11,-0.40,-0.56,1.04,
17874166,18.07,-20.02,-1001.95,1.51,-1.80,2.05,
17894176,17.58,-9.77,-1011.23,0.06,3.02,1.83,
17914180,26.37,-17.58,-1002.44,-1.51,-0.53,-1.60,
17934185,17.58,-17.09,-1013.18,1.74,0.72,-1.73,
17954193,14.16,-15.62,-1013.18,-0.67,1.01,1.62,
17974199,21.97,-11.23,-1016.60,-1.34,-1.10,-2.43,
17994209,16.11,-6.84,-1010.74,1.04,-3.05,0.50,
18014220,19.53,-14.65,-1015.62,0.17,-1.42,1.31,
18034226,18.55,3.91,-1017.09,0.60,0.63,0.02,
18054232,14.65,-11.72,-1021.00,-1.01,0.84,0.92,
18074237,16.60,-14.65,-1010.74,1.94,-0.87,0.17,
18094244,23.44,-13.67,-1014.16,1.24,-0.53,-0.46,
18114251,24.41,-19.53,-1012.21,-0.70,2.24,-0.27,
18134262,12.21,-14.16,-1024.41,-0.58,2.53,-3.16,
18154270,17.58,-21.48,-1011.72,0.78,-2.85,-0.40,
18174281,20.02,-8.79,-1019.53,2.44,-0.26,2.58,
18194292,19.04,-21.48,-1023.44,1.10,-1.88,0.06,
18214299,14.16,-5.37,-1010.74,0.21,-0.70,-2.63,
18234306,25.39,-4.39,-1013.67,1.73,-2.08,-0.38,
18254311,22.95,-13.67,-1019.53,0.93,0.70,-1.51,
18274321,4.88,-17.58,-1016.60,0.76,0.64,-0.08,
18294331,23.44,-11.23,-1015.14,-1.40,-0.34,-0.85,
18314340,33.69,-18.55,-1011.72,1.08,-1.19,1.02,
18334345,9.28,-11.72,-1018.55,0.40,0.55,0.92,
18354353,20.02,-17.09,-1024.41,1.88,0.24,0.99,
18374363,18.07,-6.35,-1020.02,-0.14,0.18,-1.08,
18394369,16.11,-8.79,-1011.23,0.31,-1.34,-0.32,
18414377,9.77,-12.21,-1024.90,0.95,0.58,3.01,
18434387,20.02,-21.97,-1019.53,-1.31,1.07,-2.08,
18454396,10.25,-14.16,-1008.30,0.87,0.76,-0.99,
18474404,16.11,-14.16,-1017.58,1.63,-1.97,-2.40,
18494409,19.04,-17.09,-1011.23,-2.47,1.15,-1.04,
18514414,34.67,-15.14,-1024.41,-1.01,0.21,0.75,
18534422,20.51,-4.88,-1019.04,1.44,-2.02,-1.10,
18554428,12.70,-14.65,-1009.77,1.13,-0.89,-0.87,
18574434,9.77,-14.16,-1007.32,-0.20,-1.22,-1.51,
18594443,15.14,-13.67,-1026.37,-0.72,0.11,-0.47,
18614449,18.07,-15.14,-1022.95,3.31,-2.63,-0.09,
18634459,26.37,-5.86,-1018.07,-0.60,0.66,0.56,
18654470,26.37,-21.00,-1002.44,-2.82,0.05,-1.80,
18674480,11.23,-14.65,-1017.58,0.89,0.52,-0.78,
18694485,6.35,-25.39,-1015.14,-2.43,3.01,0.20,
18714490,13.18,-8.79,-1013.67,0.64,-1.07,0.78,
18734498,7.81,-16.11,-1010.25,-0.70,-0.14,1.62,
18754505,24.41,-6.35,-1009.28,-0.87,-2.12,-0.27,
18774515,11.23,-21.00,-1012.21,-0.58,0.08,-0.58,
18794524,9.28,-18.07,-1016.11,-1.21,1.08,-1.65,
18814532,17.58,-6.84,-1020.51,-0.41,-0.98,2.02,
18834541,26.37,-23.93,-1015.14,-0.49,1.62,0.08,
18854550,15.14,-10.74,-1014.65,1.42,1.30,0.66,
18874555,24.41,-21.48,-1017.09,-0.05,-0.03,-1.86,
18894561,13.18,-12.70,-1001.95,-1.68,2.20,2.12,
18914569,17.58,-15.62,-1018.07,-0.34,1.74,-0.37,
18934579,20.02,-13.18,-1023.44,0.34,-3.24,1.62,
18954585,15.14,7.32,-1011.23,4.41,-2.49,-0.26,
18974590,23.44,-0.49,-1010.74,-0.79,-0.23,0.14,
18994596,11.23,1.95,-1014.16,0.81,-1.07,-1.57,
19014600,19.53,-26.86,-1013.18,0.24,-1.62,0.79,
19034608,12.21,-14.65,-1018.07,1.62,-1.37,0.84,
19054619,20.51,-16.60,-1018.07,-2.15,1.45,3.21,
19074626,17.09,-1.95,-1016.60,2.03,-0.96,-1.56,
19094631,20.51,-24.41,-1013.67,1.66,1.53,0.17,
19114637,13.67,-9.28,-1013.67,-0.98,2.55,0.12,
19134647,19.53,-12.70,-1017.58,-2.38,-0.61,-0.23,
19154657,20.02,-15.62,-1022.46,0.34,-2.98,0.73,
19174663,6.35,-15.62,-1024.41,0.87,-2.58,0.66,
19194674,14.65,-21.48,-1017.58,0.15,-1.42,-2.34,
19214684,15.62,-14.65,-1025.88,-0.15,2.03,0.61,
19234692,26.37,-21.48,-1015.62,3.01,-0.56,0.21,
19254697,18.07,-3.91,-1013.67,0.21,0.17,-1.18,
19274703,25.39,-4.39,-1010.25,0.79,1.71,0.55,
19294712,8.30,-8.79,-1019.53,-2.34,1.57,-0.75,
19314723,19.53,-24.41,-1010.25,1.74,-3.02,0.66,
19334732,12.21,-20.02,-1008.30,2.92,-1.65,-2.60,
19354741,10.74,-3.42,-1021.00,1.83,0.73,-2.31,
19374751,18.07,-13.67,-1012.21,-1.30,0.14,0.18,
19394760,13.18,-9.77,-1008.30,0.78,-0.75,-2.93,
19414769,18.55,-7.81,-1008.30,-0.34,-3.68,-1.24,
19434779,15.14,-18.07,-1014.65,0.47,0.05,0.75,
19454784,13.18,-10.25,-1010.25,-1.22,-0.64,0.67,
19474793,7.81,-15.62,-1007.81,-0.58,1.89,-2.41,
19494801,10.74,-23.93,-1012.21,1.21,-1.73,0.08,
19514810,19.04,-15.62,-1021.97,-1.94,-1.56,0.41,
19534816,12.70,-7.81,-1010.25,0.03,-0.92,-1.69,
19554824,19.53,-10.25,-1014.16,1.62,-3.28,-1.02,
19574831,19.04,-10.74,-1009.77,-1.34,-0.58,3.66,
19594837,19.53,-13.67,-1021.00,-1.40,1.56,-2.18,
19614848,10.25,-13.67,-1017.58,-0.23,-0.24,0.49,
19634856,21.97,-12.70,-1015.62,0.21,-1.30,2.60,
19654867,19.53,-7.32,-1014.16,-0.55,-1.30,1.66,
19674876,20.51,-12.70,-1014.16,-1.95,1.42,-0.55,
19694887,16.11,-19.53,-1006.84,-1.79,-0.21,0.73,
19714896,12.21,-12.70,-1006.84,-1.13,0.96,-0.46,
19734900,11.23,-14.16,-1003.91,0.85,-2.20,0.20,
19754905,14.16,-5.37,-1026.86,-0.64,-0.35,-0.08,
19774910,-0.98,-12.70,-1019.04,0.23,1.66,-1.65,
19794919,8.30,-10.25,-1014.65,0.41,-1.48,3.10,
19814925,16.11,1.95,-1009.77,0.03,-2.15,-1.25,
19834934,14.65,-7.32,-1018.55,-0.37,0.47,0.26,
19854941,10.25,-18.07,-1022.95,2.85,-0.75,-2.27,
19874945,20.02,-5.37,-1013.18,0.35,-0.87,2.18,
19894954,18.07,-18.55,-1013.18,-1.62,-0.02,-2.08,
19914965,7.32,-26.37,-1020.51,0.11,-0.32,1.95,
19934973,11.23,0.98,-1000.00,0.27,-0.72,-2.20,
19954979,10.25,0.98,-1015.14,1.97,-1.69,0.15,
19974984,10.25,-3.42,-1003.42,-1.71,0.31,2.67,
19994996,11.23,-12.21,-1007.32,0.35,0.53,-1.48,
20015003,19.53,-15.62,-1028.32,0.67,0.55,0.89,
20035013,19.04,-12.21,-998.54,0.61,0.99,-0.50,
20055021,21.00,0.00,-1026.86,-0.14,2.06,0.96,
20075026,12.21,-8.30,-1002.93,-0.20,0.75,1.02,
20095035,3.42,-7.81,-1010.74,1.89,0.70,-0.75,
20115041,10.25,-22.46,-1005.86,1.02,1.21,-1.18,
20135047,20.51,-1.46,-1018.55,-0.84,3.33,0.08,
20155057,28.81,-6.35,-1017.58,-0.06,2.03,-3.15,
20175062,21.97,-3.42,-1022.46,1.60,-1.89,-1.71,
20195072,15.14,-11.23,-1016.11,1.45,-1.31,0.12,
20215080,23.44,-10.25,-1014.65,-1.08,0.63,0.75,
20235086,12.70,-20.02,-1020.51,-1.68,-0.99,0.58,
20255096,24.90,-12.21,-1012.21,0.49,-0.44,2.03,
20275102,28.81,-20.02,-1021.00,0.44,-2.18,-0.23,
20295114,10.74,0.00,-1015.62,1.34,2.35,-0.50,
20315121,15.62,-16.11,-1008.30,-2.70,1.04,-2.21,
20335128,13.18,-12.70,-1009.28,1.83,-2.23,0.79,
20355135,17.09,-9.28,-1010.74,1.30,-1.33,0.32,
20375146,8.79,-18.07,-1013.18,0.35,-0.53,-2.32,
20395157,11.72,-14.16,-1005.37,-1.39,-1.15,0.47,
20415166,14.16,-19.04,-1021.48,0.58,-0.14,0.09,
20435175,15.62,-12.70,-1008.30,0.37,-0.35,-0.90,
20455182,21.00,-18.55,-1012.21,-0.05,-1.28,0.31,
20475189,10.25,-15.62,-1009.77,-0.96,0.17,-1.76,
20495199,23.93,-14.16,-1012.21,-0.03,0.03,0.79,
20515204,20.51,-6.35,-1014.16,0.63,0.55,-0.34,
20535214,9.28,-11.72,-1006.84,-0.06,0.84,-0.40,
20555225,19.53,-17.58,-1006.84,-1.25,0.35,-3.95,
20575231,8.30,-23.44,-1016.11,-0.23,-0.15,2.14,
20595241,17.58,-21.97,-1024.90,-0.64,-0.24,-1.34,
20615251,22.46,-16.11,-1002.93,-1.91,0.72,1.44,
20635258,26.37,-10.25,-1020.51,-0.20,0.55,-2.41,
20655268,34.67,-18.07,-1025.39,0.66,2.78,-1.24,
20675276,21.00,-19.04,-1015.62,-0.02,2.46,-1.59,
20695284,19.53,-10.74,-1022.46,-0.90,2.53,-0.14,
20715290,23.44,-21.97,-1007.81,1.53,-0.69,0.24,
20735298,22.95,-8.30,-1022.46,-1.13,-0.73,-0.81,
20755308,20.51,-13.18,-1001.95,-0.05,-0.18,0.66,
20775319,12.70,-12.70,-1024.41,-0.41,0.37,-0.15,
20795325,14.16,-7.32,-1008.79,-0.85,-2.21,0.55,
20815332,23.44,-11.72,-1013.67,1.11,-0.40,-0.08,
20835342,18.07,-6.84,-1013.67,-2.23,0.99,0.78,
20855351,25.39,-15.14,-1019.04,-0.38,1.10,1.63,
20875357,13.18,-8.79,-1006.84,2.32,-1.15,0.52,
20895363,11.72,-10.74,-1013.67,1.89,0.93,0.93,
20915370,27.83,-25.88,-1021.97,0.46,0.23,-1.08,
20935380,13.67,-1.46,-1014.65,0.00,-0.89,-0.15,
20955392,14.16,-21.97,-1017.09,0.40,-0.17,2.69,
20975401,9.28,-18.07,-1007.32,0.99,-0.89,-2.20,
20995409,22.46,-10.74,-1010.74,-1.01,2.00,1.33,
21015419,20.51,-20.02,-1025.39,-1.68,-1.08,-1.66,
21035424,21.97,-5.86,-1016.60,0.85,-3.36,0.96,
21055433,16.11,-12.70,-1009.77,2.32,0.50,-0.50,
21075439,20.51,-21.48,-1017.09,0.05,0.31,0.43,
21095449,6.84,-4.39,-1004.39,-1.83,1.21,-0.31,
21115459,20.02,-30.27,-1021.97,-0.95,-1.24,-0.24,
21135467,9.77,-11.72,-1008.79,2.29,-0.56,1.92,
21155472,8.79,-16.11,-1008.79,0.35,1.25,1.07,
21175480,18.55,-3.91,-1023.44,-1.34,0.64,-2.00,
21195485,21.97,-14.65,-1006.84,1.24,-0.49,-1.60,
21215494,18.07,-10.25,-1009.28,-0.05,0.47,2.64,
21235506,9.28,-18.07,-1015.14,-1.74,1.33,-1.25,
21255511,16.11,-1.95,-1018.07,1.01,-0.09,-1.10,
21275515,12.21,-11.72,-1023.44,0.26,0.03,1.54,
21295524,23.44,-3.91,-1012.21,-0.53,-0.05,0.76,
21315535,22.46,-12.70,-1004.39,-1.59,1.53,1.10,
21335544,18.55,-10.25,-1017.09,-0.55,0.63,-0.84,
21355551,7.81,-24.90,-1012.21,2.44,-3.30,1.25,
21375563,16.60,-12.21,-1018.55,-0.21,0.55,-0.95,
21395573,12.70,-7.81,-1005.37,-0.32,0.67,2.00,
21415580,17.58,-7.81,-1015.14,0.78,-0.93,0.08,
21435590,3.91,-1.46,-1008.79,2.53,-2.89,1.88,
21455597,14.16,-8.30,-1005.86,-0.43,1.83,-1.98,
21475608,25.39,-26.86,-1008.30,-2.50,-0.14,1.11,
21495619,21.00,6.84,-1001.46,1.39,-0.35,0.06,
21515629,13.18,-25.39,-1023.93,0.05,-2.60,0.37,
21535639,12.70,-9.28,-1009.28,1.08,0.37,-1.53,
21555645,-1.95,-23.93,-1009.28,-0.69,-1.68,-0.32,
21575654,20.51,-17.09,-1017.58,0.63,-0.99,1.13,
21595659,18.07,-16.11,-1005.37,0.11,-3.04,-0.14,
21615663,15.62,-18.07,-1023.93,1.48,-1.45,0.24,
21635669,33.69,-10.74,-1021.00,-0.64,0.93,-0.93,
21655675,4.39,-9.77,-1012.21,1.50,-0.64,0.41,
21675680,11.72,-21.00,-1009.28,-1.02,-0.35,0.70,
21695685,18.55,-3.42,-1014.16,-1.36,0.43,-1.57,
21715695,5.37,-15.62,-999.02,-1.07,0.06,0.93,
21735706,11.23,-10.74,-1012.70,-0.55,-2.14,-1.07,
21755711,19.53,-15.14,-1032.23,-0.12,-2.02,2.24,
21775719,3.42,-16.11,-1014.16,0.18,0.50,1.08,
21795725,20.51,-15.14,-1015.14,-0.52,-0.78,0.29,
21815731,16.11,-19.53,-1008.30,2.03,1.54,0.47,
21835739,1.46,-18.55,-1021.00,1.34,-1.40,0.21,
21855750,13.18,-12.70,-1008.30,-1.16,-0.47,1.39,
21875760,16.60,-12.70,-1021.48,1.36,-0.03,-0.09,
21895770,12.70,-14.65,-1017.58,1.92,0.72,0.82,
21915776,7.81,-3.42,-1008.79,0.66,0.50,-1.16,
21935785,15.62,-12.70,-1010.25,-0.75,0.11,2.00,
21955796,12.21,-18.55,-1016.11,-0.02,-2.44,-2.29,
21975804,20.51,-21.00,-1012.21,0.75,-0.63,1.45,
21995810,25.88,-10.74,-1004.88,-0.05,-2.99,0.44,
22015815,10.25,-15.14,-1021.00,-2.66,3.01,0.90,
22035820,23.93,-20.51,-1010.25,1.19,-1.69,-1.48,
22055829,6.84,-8.79,-1013.67,1.04,-0.47,-0.05,
22075837,21.48,-27.83,-1019.04,0.06,0.34,0.11,
22095844,21.48,-14.16,-1017.58,-1.54,-1.54,-0.14,
22115854,12.21,-10.25,-1017.09,0.76,-3.16,-1.76,
22135860,0.49,-18.55,-1012.70,0.92,-2.20,-1.11,
22155866,20.51,-6.84,-1020.02,-2.06,1.33,0.18,
22175874,10.74,-7.32,-1007.81,0.17,1.71,1.95,
22195881,8.30,-9.77,-1014.65,2.31,-1.91,1.80,
22215887,19.53,-4.39,-1011.72,0.79,-2.69,-0.96,
22235897,10.74,-4.39,-1016.11,1.42,-0.31,-2.20,
22255904,16.11,-20.51,-1027.83,-1.98,0.96,-0.27,
22275909,34.18,-15.62,-1018.55,0.99,0.47,1.57,
22295914,23.93,-13.67,-1014.16,-0.63,0.31,2.03,
22315918,21.97,-9.77,-1020.02,-2.29,0.02,1.34,
22335928,23.93,3.91,-1016.60,-1.30,-0.47,2.17,
22355935,12.21,-7.81,-999.02,0.09,-0.32,1.34,
22375939,6.84,-12.70,-1013.18,-0.03,0.41,-1.86,
22395949,23.93,-7.81,-1004.39,1.71,-0.15,-1.59,
22415954,1.46,-6.84,-1010.74,1.16,-0.72,-2.38,
22435964,16.11,-5.37,-1012.70,2.31,-1.57,0.23,
22455968,27.34,-13.18,-1028.81,0.60,-0.95,0.37,
22475975,18.55,-7.81,-1015.14,2.18,1.01,-0.35,
22495984,13.18,-17.58,-1016.60,1.44,-0.23,-0.47,
22515992,8.79,-7.81,-1014.16,1.25,-0.15,3.11,
22536003,3.42,-12.21,-1021.97,-0.40,-2.46,-2.79,
22556010,17.58,-15.14,-1022.95,-0.85,1.68,-2.41,
22576018,16.60,-8.30,-1011.72,-0.03,0.24,-0.47,
22596027,6.35,-9.28,-1020.02,0.05,-0.95,-1.82,
22616034,15.62,-9.77,-1003.91,-2.14,2.46,0.50,
22636039,23.44,-12.70,-1016.60,0.87,2.29,2.11,
22656049,27.34,-16.11,-1015.62,0.93,1.21,-0.87,
22676057,13.67,-6.84,-1004.39,0.85,-0.03,0.76,
22696065,16.11,-8.30,-1005.37,-0.78,0.06,-0.73,
22716074,16.11,-7.32,-1007.32,0.76,1.98,-1.56,
22736080,6.84,-19.53,-1014.16,0.26,-1.08,3.89,
22756090,19.04,-11.23,-996.58,1.22,-1.15,-0.20,
22776097,8.30,-13.67,-1015.14,-0.41,2.37,-0.66,
22796107,11.23,-19.04,-1009.77,-1.39,2.12,-0.85,
22816118,22.46,-21.48,-1014.16,0.20,0.14,0.12,
22836123,12.70,-10.25,-1009.77,0.15,1.25,0.34,
22856132,4.39,-15.62,-1009.77,0.14,-1.65,-1.95,
22876138,11.72,-14.16,-1012.21,2.17,0.96,1.95,
22896143,17.58,-17.58,-1014.16,-0.61,0.17,2.08,
22916150,8.79,-10.74,-1021.97,0.17,-0.40,0.11,
22936158,7.81,-11.23,-1023.44,-0.96,-1.25,3.44,
22956169,18.55,-11.23,-1010.74,1.74,-1.31,-1.95,
22976180,7.32,-23.44,-1014.65,1.95,0.70,-1.74,
22996189,7.32,-13.18,-1016.11,1.40,2.60,0.49,
23016196,7.81,-19.53,-1022.95,-0.64,1.33,3.04,
23036206,19.04,-13.67,-1017.58,-0.76,1.69,1.98,
23056216,19.53,-11.23,-1012.21,0.61,-0.31,0.90,
23076224,4.39,-4.88,-1019.53,0.14,-0.05,0.09,
23096228,18.55,-13.67,-1016.11,-0.17,-0.03,-0.12,
23116234,18.07,-19.04,-1010.25,0.24,-1.37,0.18,
23136244,14.65,-20.51,-1011.23,0.31,-1.65,1.92,
23156254,4.39,-14.65,-1021.48,-0.87,0.64,-0.67,
23176261,22.95,-14.16,-1009.77,-2.05,1.33,-0.63,
23196272,14.16,-8.79,-1018.55,1.08,-0.67,1.19,
23216279,13.67,-16.11,-1009.77,2.70,-0.03,-0.02,
23236283,16.11,-11.72,-1011.23,-0.96,-0.14,0.09,
23256292,6.35,-16.60,-1017.09,-1.30,-0.43,1.33,
23276299,0.49,-6.84,-1007.81,1.16,1.40,0.02,
23296305,13.18,-8.79,-1010.25,0.55,0.47,-0.11,
23316315,7.81,-6.84,-1019.04,-0.38,0.32,1.07,
23336325,22.95,-16.11,-1008.79,-0.98,-0.15,1.22,
23356329,14.16,-13.67,-1022.95,-1.85,-0.11,-1.36,
23376336,7.81,-14.16,-1021.00,0.31,0.84,1.63,
23396342,12.70,-22.95,-1011.72,0.52,-1.31,0.72,
23416347,21.97,-5.86,-1018.55,0.49,0.14,0.38,
23436356,16.60,-23.93,-1016.60,-1.77,-1.83,-2.17,
23456363,15.62,-20.51,-1005.37,2.98,0.09,1.19,
23476374,17.58,-12.70,-1004.88,-0.32,3.36,0.26,
23496383,16.11,-6.84,-1023.93,0.20,0.03,-0.93,
23516389,12.21,-5.86,-1005.37,0.05,1.59,-1.74,
23536400,17.09,0.00,-1009.28,0.72,-1.13,2.58,
23556407,15.62,-8.30,-997.07,0.18,0.35,-1.08,
23576415,22.46,-10.74,-1012.21,-0.46,-0.06,-1.86,
23596424,22.46,-14.16,-1008.79,0.52,-0.38,4.02,
23616433,17.58,-15.14,-1021.97,0.05,-0.52,2.43,
23636443,18.55,-16.60,-1022.95,1.51,2.32,-3.21,
23656452,4.88,-14.16,-1002.93,-0.82,-0.49,0.23,
23676456,18.07,-19.04,-1013.67,1.51,-1.10,-0.92,
23696460,13.18,-18.55,-1007.81,0.61,0.18,1.05,
23716469,10.74,-18.55,-1013.67,-1.19,-0.50,0.12,
23736476,3.42,-3.91,-1012.21,0.93,-0.44,1.10,
23756481,9.77,-21.00,-1014.65,-0.08,0.05,-2.35,
23776488,17.09,-22.95,-1018.07,1.15,-0.32,2.73,
23796494,1.46,-24.41,-1021.48,0.18,1.34,1.28,
23816502,11.72,-7.81,-1023.93,-0.79,-0.63,1.73,
23836506,25.88,-23.44,-1014.16,-1.59,-0.81,2.84,
23856515,-0.98,-13.67,-1013.18,-0.85,1.98,0.43,
23876524,11.72,-17.09,-1021.48,-0.53,1.22,-0.75,
23896533,2.44,-18.55,-1015.14,1.44,-0.03,0.41,
23916541,21.00,-12.21,-1012.70,-0.79,-2.49,-1.98,
23936551,7.32,-5.86,-1019.53,-0.90,-1.47,-1.01,
23956560,7.32,-22.95,-1007.81,-0.92,-0.29,0.47,
23976566,21.97,-16.11,-1016.60,1.28,-0.18,0.61,
23996571,14.16,-10.74,-1027.34,-0.31,0.00,0.27,
24016579,15.14,-14.65,-1010.74,-1.27,1.34,-0.24,
24036589,8.30,-11.23,-1018.55,-0.64,0.78,0.12,
24056598,9.28,-7.32,-1022.95,1.21,-0.85,-0.41,
24076606,5.37,-20.51,-1011.72,0.99,-1.51,-0.55,
24096616,34.67,-16.11,-1013.18,-0.79,-0.46,1.85,
24116620,3.91,-4.39,-1022.95,-0.46,2.49,-0.67,
24136630,7.81,-16.60,-1014.16,-0.31,-1.27,0.82,
24156636,7.32,-6.35,-1008.30,1.28,-1.22,-0.11,
24176646,17.58,-13.18,-1006.35,-0.53,0.79,-3.02,
24196655,16.11,-18.07,-1017.09,-2.23,0.26,-0.81,
24216665,8.30,-10.74,-1011.72,1.11,-0.26,-1.04,
24236674,9.28,-20.02,-1016.60,-0.70,-2.38,2.58,
24256680,9.28,-22.95,-1013.18,0.05,0.89,0.67,
24276685,17.58,-6.35,-1002.44,-1.19,-0.09,1.60,
24296691,16.11,-13.67,-1011.23,-0.06,-0.58,-1.47,
24316699,18.55,-12.70,-1020.51,-0.60,0.38,-0.46,
24336705,10.25,-16.11,-1021.48,-1.71,1.65,-0.31,
24356715,6.35,-12.21,-1007.32,0.53,0.09,0.11,
24376725,10.25,-15.62,-1013.18,0.85,-2.43,1.65,
24396734,0.49,-14.65,-1003.42,-0.90,1.15,-0.84,
24416745,7.81,-13.18,-1009.77,-0.15,-2.05,-1.86,
24436751,11.72,-3.91,-1013.67,-0.46,-0.98,0.43,
24456762,10.25,-9.28,-1020.51,0.34,-2.55,1.80,
24476767,2.93,-15.14,-1006.35,-0.82,0.31,-0.99,
24496772,21.97,-16.60,-1015.62,0.72,0.41,-0.95,
24516781,7.81,-23.93,-1008.30,2.95,-0.12,1.50,
24536787,20.02,-16.11,-1019.04,1.24,-2.56,-0.90,
24556792,12.70,-11.23,-1020.51,0.81,0.61,-0.67,
24576802,7.81,-26.86,-1015.14,0.00,0.67,-0.82,
24596810,16.60,-6.84,-1025.39,-0.27,-1.74,2.72,
24616817,6.84,-13.67,-1004.88,0.78,-0.40,1.42,
24636825,8.30,-13.67,-1014.16,-1.21,2.76,-1.25,
24656833,4.88,-24.41,-1020.02,-2.29,1.39,-1.16,
24676843,5.86,-20.02,-1024.90,-0.64,-0.32,-2.18,
24696852,9.77,-4.39,-1015.14,-1.40,-0.93,-2.02,
24716863,12.21,-5.86,-1012.21,-2.14,-0.23,-2.17,
24736873,13.18,-9.77,-1014.65,0.67,1.11,2.00,
24756883,10.25,-21.00,-1015.62,1.48,0.79,-1.16,
24776892,9.77,-6.84,-1013.18,0.79,-1.86,-0.55,
24796903,8.79,-9.28,-1013.67,-2.84,1.18,-0.14,
24816910,16.60,-10.25,-1014.16,-0.41,-2.69,0.58,
24836916,8.79,-21.00,-1008.30,-0.03,-0.31,-0.78,
24856923,27.34,-6.35,-1009.28,-0.26,-1.63,-0.23,
24876929,15.14,-22.46,-1019.04,1.04,0.93,0.78,
24896935,17.58,-17.58,-1016.60,-0.55,0.21,-0.46,
24916942,14.65,-17.58,-1009.77,-0.02,0.23,-0.03,
24936949,11.72,-15.14,-1006.35,-0.26,0.95,0.61,
24956958,18.07,-21.00,-1008.30,0.73,-0.35,-0.38,
24976966,13.67,0.98,-1020.02,0.12,1.66,-0.29,
24996972,21.00,-23.44,-1003.42,1.30,-0.53,-1.89,
25016977,24.90,-13.67,-1011.72,1.73,-0.24,-0.50,
25036987,16.11,-6.84,-1011.23,-0.64,-1.27,0.27,
25056994,21.97,-22.95,-1004.88,1.42,-0.09,0.00,
25077001,7.81,-21.48,-1025.88,0.17,1.18,-0.41,
25097006,13.67,-16.11,-1004.88,1.42,-0.64,-0.17,
25117016,13.67,-3.91,-1006.35,-0.69,0.72,-0.78,
25137027,10.25,-5.37,-1011.23,0.43,0.84,0.32,
25157032,6.35,-24.90,-1019.53,1.10,1.34,-0.05,
25177042,16.11,-16.11,-1009.77,-0.78,-0.92,0.60,
25197051,23.93,-26.37,-1016.60,-1.33,0.20,1.05,
25217057,9.28,-8.79,-1021.97,1.42,-1.63,-2.14,
25237067,11.23,-24.41,-1024.90,-0.06,0.72,0.70,
25257072,14.65,-21.00,-1009.77,0.78,-0.15,-0.70,
25277080,12.21,-4.88,-1014.65,-0.03,0.09,1.24,
25297088,23.44,-6.35,-1010.74,0.18,-1.10,0.26,
25317093,16.11,-8.30,-1009.28,-0.92,-0.38,1.51,
25337097,11.23,-11.72,-1015.14,0.63,-0.84,0.37,
25357105,14.16,-25.39,-1026.86,-1.71,-0.89,-3.28,
25377111,9.28,-10.25,-1016.11,2.27,-5.13,1.05,
25397115,18.07,-23.93,-1019.53,1.22,-0.02,1.45,
25417123,6.35,-15.62,-1018.07,-0.85,-1.37,1.36,
25437127,10.74,-13.67,-1006.84,-0.85,2.05,-1.48,
25457134,15.62,-21.48,-1008.30,-0.21,-0.67,-1.01,
25477140,-1.46,-15.62,-1012.21,-0.06,-0.08,1.50,
25497149,6.35,-14.65,-1019.04,0.99,-1.95,0.05,
25517154,7.81,0.00,-1005.37,0.81,1.83,-0.06,
25537164,6.35,-3.42,-1006.35,0.78,-2.32,0.73,
25557173,7.81,-15.62,-1017.09,0.67,-0.06,0.53,
25577183,21.00,-3.42,-993.65,-1.19,3.08,-2.96,
25597192,-6.35,-4.39,-1001.46,-1.59,0.06,-0.09,
25617201,12.70,-10.25,-1015.14,-1.76,-0.21,0.55,
25637206,11.23,-15.14,-1017.09,-0.69,-0.11,3.36,
25657213,24.41,-6.35,-1006.84,0.76,1.16,-0.61,
25677220,12.70,-17.09,-1019.53,0.73,1.77,-1.10,
25697230,8.79,-6.84,-1027.83,2.69,-0.90,-1.76,
25717237,16.60,-8.79,-1010.74,-0.73,-0.06,1.21,
25737246,15.62,-7.32,-1014.16,-2.03,0.92,1.04,
25757251,6.35,-25.88,-1017.58,1.83,-2.99,-1.80,
25777262,18.55,-13.18,-1018.55,1.25,-0.15,1.83,
25797271,11.72,-16.11,-1017.09,1.22,2.53,1.19,
25817276,8.30,-18.07,-1009.28,-0.06,2.90,0.79,
25837285,16.60,-14.16,-1021.00,0.73,-3.73,0.95,
25857295,-1.95,-8.30,-1012.21,1.54,-3.56,2.96,
25877301,4.88,-5.86,-1011.23,0.43,1.69,0.72,
25897309,11.72,-8.79,-1009.28,-1.18,1.83,1.37,
25917319,12.21,-9.77,-1012.21,0.63,0.02,1.02,
25937323,7.81,-2.44,-1012.21,0.52,0.03,0.44,
25957327,4.39,-9.28,-1021.00,0.89,1.68,0.32,
25977333,0.49,0.49,-1006.35,-1.05,-0.53,-0.14,
25997339,12.70,1.46,-1016.60,0.11,-1.57,2.70,
26017349,21.48,-17.09,-1017.58,0.41,-0.75,1.63,
26037357,18.07,-21.48,-1016.11,0.79,0.08,-2.26,
26057365,9.28,-9.28,-1007.81,1.04,1.08,-0.82,
26077375,13.18,-17.09,-1008.79,-0.03,1.73,1.47,
26097386,13.18,-16.60,-1019.53,2.29,-0.67,0.18,
26117392,21.97,-24.41,-1006.84,-0.75,0.31,1.48,
26137400,14.65,-17.09,-1015.14,0.98,-1.92,1.68,
26157410,20.02,-10.74,-1016.60,0.58,-1.27,-0.90,
26177419,13.18,-4.88,-1018.55,1.04,-0.12,1.18,
26197427,18.07,-5.86,-1007.81,0.21,-0.31,1.34,
26217432,5.37,-12.21,-1018.55,0.85,0.55,-1.85,
26237442,0.49,-15.14,-1018.55,1.07,-0.23,-0.24,
26257451,10.74,-17.58,-1016.11,0.46,-2.21,0.98,
26277456,18.55,-8.30,-1017.58,-0.58,0.56,-0.49,
26297464,9.28,-5.86,-1023.93,0.20,0.89,-0.78,
26317474,12.70,-5.86,-1018.07,1.69,-2.55,-1.98,
26337483,20.02,-15.62,-1025.88,-1.48,1.34,0.56,
26357493,-7.81,-10.25,-1017.09,0.85,0.02,-1.79,
26377503,15.14,-4.88,-1015.14,-1.30,1.15,1.88,
26397512,25.88,-12.70,-1018.07,1.27,0.43,-0.20,
26417520,0.98,-7.32,-1021.48,1.04,-1.62,2.41,
26437529,3.42,-9.77,-1007.32,-0.34,2.41,-0.50,
26457537,21.97,-9.77,-1022.46,1.02,-0.43,1.86,
26477548,6.35,-19.04,-1005.86,0.85,-0.92,0.35,
26497554,9.77,-24.90,-1013.67,-0.82,-2.08,0.70,
26517561,7.81,-12.70,-1016.11,-2.12,-0.52,0.37,
26537572,8.30,-10.74,-1009.28,1.54,-0.17,-0.58,
26557579,11.23,-22.95,-1004.88,1.82,-1.25,0.17,
26577585,14.65,-16.11,-1018.07,-1.11,0.98,0.09,
26597590,23.93,-16.11,-993.65,-0.03,0.52,-1.05,
26617594,12.70,-19.53,-1021.48,0.84,-1.10,2.41,
26637602,25.39,-8.79,-1013.18,-0.40,-0.81,1.36,
26657608,18.55,-19.53,-1016.11,0.52,1.04,-0.93,
26677613,19.53,-16.11,-1006.84,-1.69,1.25,-0.85,
26697620,3.91,-7.81,-1011.23,1.10,-1.07,1.63,
26717629,14.65,-15.62,-1012.70,1.97,0.55,-2.24,
26737641,11.72,-9.28,-1013.18,-0.31,-0.81,2.67,
26757648,5.37,-17.09,-1008.30,-1.44,1.22,-1.11,
26777655,3.42,-9.77,-1014.16,0.14,-0.61,0.52,
26797665,9.28,-9.77,-1006.84,0.84,-2.96,0.34,
26817672,18.55,-3.91,-1010.25,-1.57,0.34,-0.34,
26837676,4.39,-7.32,-1009.28,-0.69,-0.11,-0.84,
26857682,5.86,-3.91,-1013.67,-0.21,0.29,0.64,
26877686,3.42,-11.72,-1005.86,0.18,-1.31,2.03,
26897698,17.09,-23.93,-1017.58,2.02,0.69,-0.35,
26917708,17.09,-9.28,-1011.23,-0.34,-0.44,-2.63,
26937713,12.21,-5.86,-1009.77,2.34,-1.83,0.99,
26957720,18.55,-18.07,-1022.46,3.62,-0.69,-1.13,
26977726,9.77,-12.70,-1012.21,1.50,1.05,1.56,
26997731,15.62,-10.25,-1006.84,0.21,-0.50,-0.60,
27017738,15.62,-3.42,-1016.11,2.15,-2.41,0.76,
27037747,8.79,-28.32,-1020.02,-1.18,-0.52,-1.21,
27057755,5.37,-3.91,-1018.07,-1.31,1.94,-2.37,
27077759,3.91,-13.18,-1022.95,-0.02,0.72,0.82,
27097764,23.44,-18.07,-1016.60,2.61,1.25,1.19,
27117768,12.21,-20.02,-1011.23,-0.26,-0.98,-1.31,
27137776,8.79,-22.46,-1018.55,0.12,-1.71,1.25,
27157787,28.81,-11.23,-1011.23,0.55,-0.37,2.31,
27177793,7.81,-10.25,-1019.04,-0.18,1.25,-2.63,
27197800,11.23,-1.46,-1004.88,-1.54,-0.35,-1.19,
27217808,10.74,-12.21,-1024.41,-1.51,1.18,0.55,
27237819,8.79,-13.67,-1008.79,-1.28,-0.53,0.82,
27257825,15.14,-21.00,-1020.02,-0.18,-1.22,-1.57,
27277833,13.67,-11.72,-1015.62,-0.37,0.11,-1.54,
27297843,8.79,-3.42,-1008.30,-1.19,0.60,-0.43,
27317849,14.65,-14.16,-1010.74,-0.95,0.63,1.98,
27337859,22.95,-15.14,-1010.25,1.39,-0.20,1.77,
27357869,10.25,-10.74,-1013.67,-1.08,2.75,-1.98,
27377875,25.88,-12.70,-1019.53,0.61,0.12,-1.69,
27397882,15.62,-8.79,-1014.16,1.73,2.47,1.11,
27417892,9.77,-15.62,-1022.95,1.34,-0.34,-1.74,
27437898,18.55,-3.91,-1020.51,-0.63,-1.01,-2.72,
27457904,21.48,-2.93,-1008.79,-1.24,1.51,-0.99,
27477910,18.07,-14.16,-1026.37,0.14,-2.08,-2.21,
27497918,15.14,-19.53,-1009.77,2.29,1.31,1.91,
27517927,16.11,-15.62,-1003.91,-0.46,1.60,2.40,
27537934,14.16,-9.28,-1011.23,1.10,-2.53,1.50,
27557945,15.62,-15.14,-1012.21,1.08,-1.65,-1.07,
27577951,12.21,-15.14,-1012.21,-1.50,-2.73,-0.20,
27597956,19.04,-3.91,-1018.55,-0.26,0.98,-1.22,
27617965,-6.35,-24.90,-1015.14,3.57,-1.51,0.23,
27637970,11.72,-14.65,-1004.88,0.81,0.11,-1.60,
27657977,13.18,-22.46,-1012.70,0.15,-0.55,-1.77,
27677983,13.18,-15.62,-1008.30,-0.20,0.53,-3.24,
27697992,4.88,-15.14,-1020.51,1.73,0.06,0.89,
27718002,10.25,-17.09,-1007.81,2.05,-0.23,1.44,
27738012,20.51,-15.14,-1014.16,-1.92,3.97,0.50,
27758021,10.74,-27.83,-1021.00,-0.11,1.25,-1.59,
27778025,6.84,-5.86,-1007.32,1.83,-0.40,1.34,
27798031,17.58,-13.18,-1018.07,-0.14,-0.98,0.52,
27818037,-8.30,-4.88,-1003.42,1.47,1.16,-0.67,
27838047,16.11,-15.14,-1015.62,-1.50,0.96,1.08,
27858057,9.28,-19.04,-1014.16,0.96,-1.79,3.47,
27878064,15.14,-12.70,-1021.97,1.51,-0.29,0.96,
27898075,10.25,-9.28,-1021.00,0.26,-1.28,3.11,
27918083,-5.86,-17.09,-1010.25,-0.09,0.87,-2.67,
27938090,7.32,-20.02,-1013.67,0.18,-0.93,-1.15,
27958099,16.11,-14.65,-1011.72,-0.06,0.17,1.02,
27978103,20.02,-13.67,-1004.39,0.29,0.67,0.56,
27998111,6.84,-18.07,-1016.11,-0.31,-1.83,-0.60,
28018117,8.30,-22.46,-1015.62,0.93,-0.93,2.69,
28038123,9.77,-7.81,-1016.60,0.93,-0.53,1.10,
28058129,13.67,-15.62,-1016.60,-0.47,3.39,-3.66,
28078138,15.14,-16.11,-1014.65,0.43,0.35,-0.69,
28098147,4.39,-26.37,-1010.74,-0.11,-2.00,-0.99,
28118156,2.44,-18.07,-1005.37,-1.40,-2.18,-0.31,
28138167,14.65,-11.23,-1022.95,0.17,1.91,-1.71,
28158177,24.41,-5.86,-1010.25,-1.60,-0.17,3.04,
28178183,16.11,-14.65,-1004.39,0.43,1.28,0.20,
28198191,9.77,-26.86,-1009.28,-0.60,-0.64,2.18,
28218197,7.32,-8.30,-1019.04,1.37,3.18,-0.72,
28238205,12.21,-11.72,-1005.86,-2.08,-0.70,-0.21,
28258215,11.23,-16.11,-1016.60,-0.52,0.17,2.15,
28278224,10.74,-2.93,-1015.14,0.50,0.21,-0.93,
28298228,12.21,-8.79,-1013.67,0.41,0.32,1.13,
28318237,10.25,-24.41,-1007.81,-1.73,-2.46,0.55,
28338245,18.55,-24.90,-1018.07,-1.08,-0.70,2.18,
28358253,-0.49,-17.58,-1015.14,-0.41,1.36,1.77,
28378259,9.28,-6.84,-1008.30,-0.47,-0.92,1.86,
28398266,10.74,-15.14,-1022.46,-0.73,-2.41,1.28,
28418270,14.65,-8.79,-1013.18,2.15,2.61,-0.40,
28438276,10.74,-20.02,-1007.32,0.61,1.42,0.11,
28458281,18.07,-16.60,-1028.32,-0.93,1.71,2.02,
28478287,-4.39,-14.16,-1016.11,0.76,-1.51,-0.41,
28498297,18.55,-6.35,-1011.23,0.47,-0.18,0.67,
28518303,16.60,-8.79,-1008.79,-0.49,2.02,-0.09,
28538314,19.04,-10.74,-1003.42,0.20,2.47,0.56,
28558321,13.67,-14.65,-1026.37,-0.03,-1.15,-0.67,
28578330,17.58,-10.74,-1009.77,-0.24,-1.36,0.70,
28598338,19.04,-14.65,-1008.79,-0.60,-0.72,-0.47,
28618348,12.70,-16.60,-1012.70,-0.09,2.52,3.24,
28638359,17.58,-8.79,-1014.65,1.02,-0.29,0.27,
28658368,12.70,-14.16,-1016.11,0.82,1.48,-0.35,
28678374,21.00,-16.60,-1008.79,0.61,0.03,-1.60,
28698382,17.09,-11.23,-1015.62,-1.45,-1.71,0.92,
28718393,26.86,-5.37,-1021.97,0.43,-1.33,2.81,
28738398,20.02,-7.32,-1011.23,2.20,0.34,3.11,
28758409,10.74,-13.67,-1021.97,-0.32,0.72,0.43,
28778417,12.21,-14.65,-1016.11,-1.82,1.30,-0.26,
28798426,15.14,-11.23,-1021.00,0.85,-1.48,2.81,
28818432,11.72,-11.23,-1006.84,2.46,-3.31,1.94,
28838438,7.32,-12.70,-1017.58,-1.45,0.69,2.66,
28858443,8.79,-7.32,-1007.32,-0.55,3.65,-0.06,
28878449,8.30,-9.77,-1017.09,-1.40,-3.69,-2.43,
28898460,11.72,-7.81,-1007.81,-0.05,-0.38,0.98,
28918469,16.60,-18.07,-1010.25,-1.36,-1.22,-0.03,
28938475,11.72,-11.72,-1017.09,-1.77,-0.56,0.27,
28958481,12.21,-14.65,-1012.21,1.08,2.87,-0.15,
28978486,13.67,-10.25,-997.56,1.04,0.18,-1.22,
28998493,6.35,-8.79,-1009.77,0.67,-0.66,0.61,
29018501,7.81,-2.44,-1018.07,-0.44,-0.34,0.18,
29038508,23.44,-21.48,-1012.21,-0.06,-0.92,-0.55,
29058517,9.28,-20.51,-1022.46,1.07,-4.02,0.84,
29078525,10.74,-22.46,-1017.09,0.26,0.08,-1.59,
29098533,16.60,-15.62,-1010.74,0.18,0.49,-1.56,
29118543,-0.49,-0.49,-1015.62,-1.18,2.34,-0.67,
29138552,10.74,-3.42,-1012.70,-1.56,-1.07,-0.27,
29158561,21.00,-19.04,-1000.98,-0.41,2.99,2.17,
29178569,6.84,-7.32,-1015.14,0.40,0.11,-1.05,
29198574,7.81,-20.51,-1024.90,1.68,-0.66,1.16,
29218583,5.37,-26.86,-1012.21,0.40,-0.85,2.73,
29238587,25.39,-23.93,-1004.88,-1.98,-2.60,-1.07,
29258598,10.74,-15.14,-1016.60,1.10,-0.84,3.54,
29278604,17.58,-15.62,-1016.11,0.95,-0.21,1.97,
29298614,11.23,-3.91,-1004.88,0.73,0.29,-1.44,
29318621,10.25,1.46,-1017.09,0.70,0.08,2.46,
29338626,13.67,-22.95,-1012.70,1.13,-0.40,1.57,
29358636,3.91,-11.72,-1007.81,-1.02,-0.53,0.55,
29378643,23.93,-11.23,-1012.70,0.23,-0.47,-0.82,
29398647,19.53,-22.95,-1003.42,-0.08,-0.09,0.44,
29418654,8.79,-12.21,-1014.16,0.87,0.58,-1.30,
29438660,14.16,-14.65,-1014.16,0.34,-0.11,-2.58,
29458668,18.55,-25.39,-1010.25,-1.30,0.60,0.18,
29478675,11.23,-9.28,-1012.70,-0.17,0.20,0.05,
29498680,8.30,-14.16,-1022.46,1.59,-2.34,0.43,
29518688,5.37,-8.79,-1013.67,0.82,-0.93,1.68,
29538698,10.74,-10.25,-1021.97,-0.93,0.26,-1.66,
29558706,4.88,-20.51,-1013.67,0.27,1.11,0.98,
29578714,10.74,-9.28,-1014.65,1.02,-0.44,1.59,
29598725,13.67,-3.91,-1008.30,1.37,-1.15,-0.43,
29618730,8.79,-15.14,-1010.25,-0.61,-0.47,-0.67,
29638737,5.86,-16.60,-1020.02,0.08,-0.34,-0.85,
29658747,20.02,-7.32,-1013.67,0.85,-0.32,0.60,
29678752,17.09,-5.37,-1005.37,1.11,1.56,0.18,
29698762,31.25,-21.00,-1011.23,-0.41,1.91,0.63,
29718773,11.23,-11.72,-1020.51,0.50,-0.09,0.90,
29738782,14.65,-9.77,-1017.58,1.07,-1.13,-0.70,
29758790,3.91,-9.77,-1018.07,-0.55,-1.40,0.02,
29778797,9.77,-19.53,-1019.53,0.20,0.17,-0.12,
29798802,7.32,-19.04,-1019.04,1.08,0.70,2.09,
29818808,5.86,-11.72,-1006.35,-0.40,-1.33,2.29,
29838817,11.23,-7.81,-1022.95,0.61,1.59,0.38,
29858825,7.32,-14.65,-1015.62,-0.58,-0.18,3.11,
29878836,6.35,-10.74,-1017.09,1.05,-3.59,0.09,
29898844,10.25,-23.93,-1017.58,1.16,1.82,-0.05,
29918850,14.16,-16.60,-1009.77,-0.49,-0.38,2.32,
29938859,8.30,-17.09,-1010.74,-0.38,1.63,-0.98,
29958869,4.88,-1.95,-1024.41,-0.03,-0.73,-2.03,
29978879,4.88,-6.35,-1020.02,1.37,-0.20,2.87,
29998885,6.84,-17.09,-1002.44,-0.84,0.38,2.23,
30018891,1.46,-9.28,-1018.07,-1.16,-0.67,-0.96,
30038895,15.14,-12.70,-1027.34,1.30,0.46,0.02,
30058905,21.48,-16.11,-1029.79,0.58,-0.64,1.11,
30078911,11.72,-7.32,-1011.23,0.03,-1.65,-2.38,
30098922,12.70,-19.04,-1014.16,-2.27,2.41,-0.93,
30118932,6.84,-26.37,-1012.70,1.24,-2.37,1.82,
30138941,2.44,-9.77,-1020.51,1.04,-1.21,-2.34,
30158945,12.70,-10.25,-1021.00,-0.92,2.85,-0.18,
30178952,14.65,-11.72,-1012.70,-0.20,-2.75,1.44,
30198961,6.35,-8.79,-1014.65,1.07,0.56,0.79,
30218966,21.97,-13.67,-1023.44,0.76,1.07,-0.24,
30238974,4.88,-13.18,-1016.11,0.72,2.18,-2.69,
30258980,13.67,-4.39,-1024.41,1.21,0.52,0.58,
30278986,19.53,-15.14,-1019.04,1.04,-2.73,3.07,
30298994,9.28,-11.23,-1020.02,-0.58,-0.63,1.27,
30319003,13.67,-18.55,-1017.58,-1.63,-1.08,-1.83,
30339008,8.30,-12.21,-1018.07,1.57,-2.72,2.75,
30359019,14.16,-1.95,-1026.37,0.12,-0.34,2.82,
30379029,20.51,-14.16,-1013.18,0.37,0.58,-2.14,
30399038,0.00,-19.53,-1012.70,-0.89,-1.92,-0.11,
30419048,2.93,-21.48,-1008.30,2.50,-0.49,1.82,
30439055,10.74,0.49,-1024.90,0.15,2.53,0.12,
30459061,7.32,-23.44,-1013.18,-0.58,-0.03,1.59,
30479069,13.67,-8.30,-1017.09,1.25,-0.21,-1.51,
30499075,10.74,-13.67,-1021.48,2.11,0.70,-0.23,
30519079,9.28,-9.77,-1020.02,1.57,-1.24,0.12,
30539089,9.77,-4.88,-1009.77,-0.34,1.69,-0.92,
30559098,5.37,-17.09,-1009.28,-1.34,2.14,-1.48,
30579106,6.84,-6.35,-1014.65,-0.17,-0.73,0.17,
30599117,-3.42,-23.44,-1011.23,2.08,-0.95,1.68,
30619125,10.25,-18.55,-1018.07,-1.65,2.12,1.40,
30639130,8.30,-12.21,-1022.95,-0.38,-2.12,1.19,
30659135,10.25,-23.44,-1023.93,-1.01,-0.67,1.01,
30679145,8.79,-21.97,-1018.55,-1.65,1.05,-0.75,
30699153,2.93,-3.42,-1004.88,1.08,2.29,-0.96,
30719160,8.30,-6.84,-1021.97,0.72,0.14,-0.87,
30739170,11.23,-7.81,-1013.18,0.43,-0.27,-1.54,
30759177,4.39,-18.07,-1010.25,-0.93,-0.38,-0.84,
30779186,-5.37,-21.00,-1018.55,1.36,0.89,-0.31,
30799191,9.77,-15.14,-1011.23,-0.15,1.13,0.11,
30819202,6.35,-18.55,-1015.62,1.10,-0.81,1.31,
30839210,16.11,-7.81,-1014.65,-0.63,1.33,-0.49,
30859219,9.77,-10.74,-1005.86,-0.46,1.44,-0.67,
30879230,15.62,-16.11,-1007.81,-0.17,0.69,-0.12,
30899235,11.23,-3.91,-1011.23,1.07,-1.80,0.69,
30919246,-1.46,-8.79,-1015.62,-0.50,0.37,-0.85,
30939251,10.25,-9.77,-1015.62,-0.63,-0.63,-0.20,
30959260,10.74,-13.18,-1026.37,0.72,-2.64,0.64,
30979265,0.98,-14.16,-1010.25,0.43,-0.92,0.78,
30999272,20.51,-3.91,-1007.81,-0.03,1.95,1.04,
31019277,15.62,1.95,-1011.72,-0.89,1.68,0.32,
31039282,7.32,-13.18,-1003.91,0.08,0.50,-0.08,
31059292,13.67,-16.60,-1018.07,-1.48,-0.87,-1.07,
31079297,15.62,-5.86,-1009.28,-1.28,0.70,0.11,
31099307,9.28,-21.97,-1009.28,0.82,0.26,0.50,
31119314,8.30,-18.55,-1027.34,1.39,-2.08,1.34,
31139321,6.84,-2.93,-1013.67,1.30,-0.26,-1.21,
31159330,10.25,-7.81,-1020.02,-1.28,0.32,2.08,
31179340,12.70,-13.18,-1012.21,-0.20,-0.95,-1.10,
31199348,11.72,-16.11,-1012.70,1.13,-2.47,1.36,
31219354,5.37,-23.93,-1012.21,-0.64,1.16,1.08,
31239361,12.21,-2.93,-1019.53,-0.44,1.11,-2.79,
31259367,2.44,-17.09,-1011.72,-0.02,0.89,1.47,
31279371,7.32,-8.79,-1024.90,1.79,0.53,-2.29,
31299376,-1.46,-7.81,-1009.28,-1.60,-0.44,-0.47,
31319387,4.88,-6.84,-1019.04,-0.26,-1.24,-0.41,
31339396,-0.49,-18.55,-1010.74,1.21,1.15,0.72,
31359407,12.70,-28.81,-1010.25,1.08,-2.52,2.05,
31379414,18.07,-8.30,-1025.39,1.68,-0.11,-1.22,
31399418,8.79,-22.46,-1015.14,-0.49,0.73,0.93,
31419423,0.49,-6.84,-1015.14,1.54,-2.00,-1.15,
31439431,19.53,-9.77,-1005.86,1.31,-0.43,1.16,
31459438,3.91,-7.81,-1005.37,-1.47,3.57,1.33,
31479444,7.81,-15.14,-1014.16,-0.08,1.13,0.69,
31499451,17.58,-25.39,-1022.46,-0.64,-0.14,1.18,
31519461,0.00,-18.55,-1021.97,1.28,-0.20,0.78,
31539466,21.48,-12.70,-1008.30,0.69,3.80,-1.11,
31559476,4.39,-19.53,-1017.58,0.61,0.66,0.23,
31579485,7.32,-9.28,-1012.21,-0.78,-0.43,2.93,
31599491,3.42,-30.76,-1019.04,1.95,-1.98,-0.49,
31619500,16.11,-18.07,-1015.62,-0.26,-0.32,-0.21,
31639511,-50.78,-46.39,-998.05,-6.79,-17.68,2.90,
31659519,-1.46,-20.51,-1095.70,1.73,-4.56,3.92,
31679528,14.65,-17.09,-1024.90,2.21,-0.96,1.15,
31699533,0.00,-5.37,-1004.88,0.23,2.67,-0.46,
31719543,2.44,-11.23,-1017.58,-0.78,-0.31,0.35,
31739549,9.28,-20.51,-1021.48,1.63,-1.86,1.15,
31759560,22.95,-15.14,-1018.55,2.84,1.79,1.54,
31779570,8.79,-9.28,-1010.74,0.26,0.50,1.68,
31799580,6.84,-7.81,-1012.70,-0.46,0.93,-1.33,
31819589,-6.84,-17.09,-1017.09,0.73,-0.60,2.08,
31839600,5.37,-18.55,-1017.58,1.51,0.26,-2.93,
31859610,4.39,-18.55,-1020.02,0.34,0.87,0.98,
31879619,11.23,0.49,-1014.65,-1.11,2.64,0.52,
31899630,12.70,-13.67,-1021.97,-0.23,-1.94,2.26,
31919638,5.86,-21.97,-1000.98,1.95,0.99,-1.36,
31939644,6.84,-19.04,-1006.35,-0.15,-0.53,-0.26,
31959650,9.28,-12.70,-1003.91,0.05,0.67,2.08,
31979660,7.32,-18.07,-1003.91,1.13,0.15,1.45,
31999670,5.37,-10.25,-999.51,1.34,-0.64,2.52,
32019679,5.86,-18.07,-1013.67,-0.85,1.62,1.44,
32039687,-4.88,-15.14,-1015.14,1.91,1.97,0.67,
32059696,5.86,-21.48,-1009.77,1.05,0.38,0.47,
32079705,11.72,-10.25,-1010.74,0.73,1.11,2.15,
32099712,-2.44,-12.70,-1010.74,0.41,0.49,-1.66,
32119722,1.46,-10.25,-1015.62,3.01,1.59,-0.92,
32139729,15.62,-24.90,-1021.00,0.93,-1.86,-0.58,
32159737,6.35,-13.18,-1021.97,-0.17,0.70,-1.77,
32179741,8.79,-6.84,-1014.65,0.92,-0.66,0.98,
32199751,19.04,-18.55,-1011.72,-0.41,-1.27,-0.18,
32219756,5.86,-12.70,-1018.55,0.02,0.47,-0.20,
32239764,3.42,-24.90,-1012.21,0.46,1.02,2.26,
32259775,-0.98,-6.84,-1013.18,-1.91,-0.47,-0.61,
32279785,6.35,-11.23,-1015.62,0.40,-1.86,1.33,
32299792,3.91,-3.91,-1016.11,1.56,-0.90,2.44,
32319801,1.95,-15.62,-1019.53,-0.23,-1.04,-0.12,
32339809,9.77,-18.55,-1013.18,-1.15,0.27,-0.15,
32359816,13.67,-15.62,-1016.60,0.75,-0.24,1.60,
32379823,5.37,-5.86,-1007.32,-0.79,-1.42,0.99,
32399833,8.79,-14.16,-1007.81,1.19,0.03,1.44,
32419842,1.46,-24.90,-1005.86,-1.21,0.69,0.37,
32439852,22.46,-27.34,-1008.79,-0.37,-2.24,1.44,
32459861,13.67,-14.65,-1008.30,0.52,1.22,-2.34,
32479870,11.72,-23.93,-1015.62,0.37,0.26,-0.18,
32499881,16.11,-6.84,-1020.51,-0.90,0.76,-0.79,
32519890,19.04,-17.09,-1005.86,1.39,-0.43,-1.47,
32539895,3.91,-22.46,-1018.55,-0.47,-0.60,0.44,
32559902,8.79,-21.48,-1017.09,-0.84,0.60,1.08,
32579908,5.37,-14.16,-1004.39,-2.43,0.34,0.18,
32599917,-5.37,-25.39,-1009.77,0.27,1.82,-0.37,
32619926,7.32,-7.81,-1004.88,0.44,-2.37,0.17,
32639934,9.28,-6.35,-1009.28,0.55,0.90,0.99,
32659940,12.21,-18.55,-1013.67,-0.58,2.58,1.56,
32679949,10.74,-13.18,-1011.23,0.61,2.31,1.24,
32699956,5.86,-15.62,-1016.60,1.71,-3.21,0.03,
32719963,12.21,-21.48,-1020.51,0.35,0.24,-1.08,
32739971,14.16,-5.86,-1004.39,1.40,-0.63,-0.21,
32759980,10.25,-19.04,-1014.65,-0.84,-2.09,1.53,
32779987,9.28,-26.37,-1004.88,-1.10,1.91,-1.91,
32799997,-6.84,-11.72,-1000.98,-0.90,1.92,-0.27,
32820007,15.14,-16.11,-1025.39,-0.23,0.79,-2.03,
32840013,9.77,-3.42,-1015.14,-0.63,-1.34,0.82,
32860020,10.25,-5.86,-1014.16,-0.64,-0.02,-2.89,
32880030,0.98,-18.07,-1016.11,0.06,-0.52,-1.33,
32900035,7.81,-18.07,-1012.70,-0.05,-1.53,0.11,
32920045,7.32,-16.11,-1016.60,0.98,1.05,1.94,
32940054,8.79,-15.62,-1007.32,-0.06,-0.56,2.26,
32960064,6.35,-5.86,-1019.04,0.18,1.05,0.70,
32980070,10.74,-11.23,-1008.79,0.21,1.65,2.35,
33000074,16.11,-16.11,-1013.18,0.61,1.33,1.76,
33020082,4.39,-3.42,-1013.67,-1.18,0.14,1.62,
33040092,9.28,-19.04,-1010.74,0.24,-0.52,1.60,
33060100,9.28,-9.77,-1014.16,1.42,-3.07,-0.34,
33080111,4.39,-7.32,-1007.81,-0.15,0.34,1.63,
33100119,-5.86,-19.53,-1015.62,-2.26,0.11,2.70,
33120124,0.98,-18.07,-1021.97,-1.79,3.24,2.60,
33140130,1.46,-9.77,-1016.11,0.69,-0.20,3.31,
33160139,13.18,-21.00,-1011.72,1.07,0.46,-2.53,
33180145,13.67,-7.32,-1018.55,-0.63,-1.16,0.23,
33200151,15.14,-4.88,-1001.95,-2.89,0.47,0.90,
33220158,3.91,-10.25,-1015.62,-0.14,-0.56,3.57,
33240163,1.46,-13.18,-1015.14,-0.67,-1.79,4.47,
33260172,6.35,-14.65,-1009.28,-0.06,-0.08,0.21,
33280183,10.74,-13.67,-1016.60,-0.53,0.44,-0.14,
33300192,20.02,-14.16,-1028.32,1.86,-0.32,-1.01,
33320197,13.18,-7.32,-1010.25,-0.09,-0.29,0.40,
33340207,0.49,-9.77,-1010.25,-2.47,2.21,-1.86,
33360215,10.25,-12.70,-1019.04,0.82,-0.47,0.17,
33380221,9.28,-12.21,-1018.55,0.20,-1.68,1.34,
33400231,13.18,-19.53,-1013.67,-1.02,-1.18,0.27,
33420241,4.39,0.49,-1011.23,-0.21,3.60,-0.52,
33440246,-2.93,-10.74,-1005.86,0.72,-2.34,1.05,
33460254,8.79,-16.11,-1019.04,0.38,1.74,-0.76,
33480259,-2.44,-20.51,-1006.35,0.18,2.15,-0.75,
33500264,9.28,-12.21,-1007.32,0.72,0.56,1.51,
33520271,5.37,-6.35,-1008.30,0.05,-2.23,0.96,
33540277,6.84,-6.84,-1026.37,1.27,-1.44,2.85,
33560288,13.67,-9.28,-1024.90,-0.15,0.60,-2.61,
33580294,14.16,-12.21,-1011.72,1.50,1.51,-1.88,
33600305,14.16,-6.84,-1010.74,1.01,-0.69,-0.85,
33620314,10.74,-8.30,-1012.70,-0.29,1.40,1.25,
33640322,4.39,-10.74,-1018.07,-1.15,2.14,-0.02,
33660333,-7.81,-10.74,-1018.55,-2.47,-2.17,-1.05,
33680338,11.23,-19.53,-1008.79,0.81,0.63,-2.20,
33700345,9.77,-19.53,-1009.28,0.84,-2.11,-0.72,
33720351,7.81,-15.14,-1013.18,1.16,-2.14,-1.37,
33740360,14.16,-9.28,-1017.09,-0.34,-1.76,-0.21,
33760367,5.86,-10.25,-1016.60,0.47,-0.21,1.25,
33780377,8.79,-8.79,-1016.11,0.63,2.50,-0.12,
33800384,8.79,-17.58,-1010.74,-1.77,0.75,-1.63,
33820390,6.84,-16.11,-1009.28,1.97,-0.20,0.87,
33840397,4.39,-2.44,-1011.23,1.33,-0.37,0.00,
33860402,-0.98,-24.90,-1011.72,-1.10,1.19,-1.65,
33880411,9.28,-17.09,-1020.02,1.39,0.81,1.60,
33900420,9.77,-9.28,-1017.58,1.94,-1.94,2.05,
33920426,1.46,-15.62,-1024.41,3.11,0.64,-0.70,
33940436,0.98,-6.35,-1023.44,1.04,1.18,0.90,
33960446,16.11,-11.23,-1018.55,0.47,1.88,-1.85,
33980456,6.84,-23.44,-1013.67,1.21,-1.02,0.26,
34000461,1.46,-21.48,-1012.21,1.59,0.18,-3.47,
34020472,2.44,-16.11,-1016.11,-0.78,-0.32,-0.26,
34040478,-3.91,-13.67,-1018.07,-0.37,1.39,-1.50,
34060488,13.18,-3.91,-1015.62,0.58,-0.64,1.48,
34080496,25.88,-13.67,-1022.95,1.30,-1.39,-0.43,
34100502,2.44,-12.21,-1013.18,0.32,0.72,1.74,
34120513,12.21,-20.02,-1003.42,-1.18,-1.15,1.89,
34140517,2.44,-8.79,-1017.58,0.90,1.42,1.56,
34160525,7.81,-12.21,-1022.95,1.15,-1.18,1.80,
34180533,16.11,-12.70,-1012.21,-0.21,2.40,-0.82,
34200544,9.28,-7.81,-1005.37,-0.14,0.44,-1.05,
34220553,2.44,-12.70,-1011.23,0.78,-1.51,0.52,
34240559,7.32,-17.09,-1009.77,1.98,-1.07,-0.37,
34260568,11.23,-24.90,-1015.14,-2.50,1.63,0.69,
34280575,16.60,-17.09,-1012.21,0.56,-2.85,-0.24,
34300581,0.00,-15.14,-1019.04,0.17,-0.35,0.47,
34320590,5.86,-22.95,-1016.60,-0.58,0.75,1.71,
34340596,4.88,-16.11,-1012.70,-0.08,1.83,-0.92,
34360603,0.00,-16.11,-1013.18,0.05,-0.26,1.01,
34380611,-5.86,-23.93,-1017.09,-0.85,-1.33,1.40,
34400616,-2.44,-20.02,-1016.60,1.08,0.85,2.08,
34420625,12.70,-1.95,-1008.79,-0.34,1.62,-0.81,
34440635,10.25,-8.30,-1020.51,1.34,-0.95,0.99,
34460646,21.97,-17.09,-1009.28,-0.08,-2.79,-0.21,
34480650,21.97,-15.14,-1005.86,-0.85,1.91,1.65,
34500657,8.30,-19.04,-1020.02,-1.11,0.47,-2.44,
34520665,10.25,-7.81,-1019.04,1.30,0.09,0.69,
34540670,2.93,-7.81,-1009.77,-0.85,-0.61,1.57,
34560680,0.00,-14.16,-1014.16,-0.75,1.33,0.70,
34580689,12.21,-7.32,-1023.93,0.90,2.92,1.59,
34600696,11.72,-4.39,-1014.65,1.88,0.61,2.00,
34620707,-0.49,-23.44,-1012.70,-0.21,-1.54,0.70,
34640713,10.74,-8.79,-1022.95,-2.02,-1.25,1.25,
34660722,3.42,-3.91,-1005.86,0.70,-1.04,-0.72,
34680728,19.53,-16.11,-1012.21,0.15,0.63,0.92,
34700734,4.39,-21.00,-1012.21,0.61,-2.18,3.15,
34720742,7.81,-4.88,-1014.65,1.37,0.50,-0.67,
34740753,11.72,-11.23,-1004.88,1.79,-1.83,1.22,
34760762,1.95,-21.00,-1015.14,1.73,0.06,-0.87,
34780770,19.04,-16.11,-1010.25,0.61,-0.26,-2.26,
34800780,11.23,-14.65,-1020.51,0.31,0.56,-0.95,
34820789,8.30,-18.07,-1016.60,1.16,-0.24,-0.12,
34840800,16.11,-12.21,-1012.70,1.53,-2.17,0.35,
34860806,-1.46,-8.30,-1011.72,0.61,-1.59,-2.63,
34880817,10.25,-21.97,-992.68,-1.13,1.62,-0.43,
34900823,6.84,-22.95,-1006.35,-0.24,-1.59,-3.27,
34920829,3.91,-9.77,-1019.53,0.47,0.37,-0.06,
34940835,-2.44,-7.32,-1017.09,-1.19,-1.18,-0.05,
34960840,9.77,-3.42,-1017.58,-0.08,0.53,-1.10,
34980846,10.74,-10.74,-1021.48,0.75,-0.75,1.69,
35000857,13.18,-12.70,-1010.74,0.12,2.20,2.26,
35020864,9.77,-24.41,-1012.21,-0.58,0.21,-2.37,
35040873,4.39,-5.86,-1006.35,-0.61,1.42,0.76,
35060879,-4.88,-19.53,-1022.46,-0.67,-2.21,-0.58,
35080884,-1.46,1.95,-1018.07,1.21,-0.34,-0.21,
35100893,4.39,-9.28,-1013.67,-1.18,0.11,0.24,
35120901,15.62,-24.41,-1012.70,-1.13,1.65,-1.62,
35140907,12.70,-11.72,-1009.77,0.75,-1.53,1.33,
35160916,13.67,-17.09,-1013.18,-0.11,-0.93,1.27,
35180921,7.32,-18.07,-1014.16,-0.90,1.28,-2.76,
35200929,7.32,-11.23,-1013.67,0.26,-1.88,-1.86,
35220937,3.91,-17.09,-1010.74,-0.06,1.50,-0.99,
35240941,10.74,-9.77,-1008.30,-1.97,1.10,-0.78,
35260950,5.86,-10.25,-1013.67,-1.04,-0.06,-0.60,
35280956,6.35,-13.18,-1015.14,-0.76,-2.67,-0.73,
35300966,9.28,-25.39,-1019.04,1.56,-0.64,-0.38,
35320977,9.28,-5.86,-1014.65,-0.58,-0.41,-0.18,
35340985,9.77,-6.84,-1012.21,0.11,2.02,0.14,
35360995,10.74,-18.55,-1016.11,-1.05,2.99,1.77,
35381001,16.11,-17.09,-1008.79,2.67,-0.17,2.72,
35401011,7.32,-12.70,-1003.42,0.46,2.66,-3.63,
35421021,-6.35,-17.58,-1020.51,-0.61,1.08,-0.09,
35441025,10.74,-15.14,-1022.95,2.15,1.50,-0.49,
35461029,-5.37,-16.11,-1015.14,-0.15,0.37,1.33,
35481038,3.91,-19.04,-1009.77,-2.98,-0.76,0.11,
35501049,7.32,-17.09,-1016.60,-2.09,-0.67,-0.14,
35521059,8.30,-15.62,-1019.04,0.46,-1.97,1.18,
35541069,6.35,-15.62,-1019.53,-0.18,0.81,-1.73,
35561080,8.30,-10.74,-1012.21,0.35,-0.95,-0.79,
35581087,5.86,-16.11,-1024.41,1.24,2.93,-1.95,
35601096,13.18,-10.74,-1013.18,0.98,-1.42,-0.35,
35621105,23.44,-21.97,-1018.55,0.50,-0.87,2.67,
35641115,1.46,-18.07,-1021.48,-0.41,0.32,-1.39,
35661124,3.42,-13.67,-1011.72,1.11,-0.27,1.71,
35681135,6.35,-10.74,-1020.02,0.46,1.68,-0.90,
35701142,9.28,-19.04,-1009.77,1.30,0.55,-0.53,
35721150,1.95,-20.02,-1019.53,-0.53,-0.37,0.27,
35741154,18.55,-15.62,-1014.16,0.03,-1.73,0.41,
35761160,17.58,-16.11,-1021.00,0.37,0.03,0.50,
35781166,21.97,-12.21,-1019.53,-0.05,0.27,0.92,
35801173,10.74,-16.60,-1013.18,1.13,0.79,-1.94,
35821180,7.81,-8.79,-1013.18,2.53,-1.53,-0.23,
35841186,12.21,-27.34,-1000.49,2.20,0.15,2.03,
35861190,8.79,-19.53,-1016.11,0.02,1.44,0.38,
35881198,2.93,-10.25,-1019.53,-0.66,1.95,1.97,
35901209,12.70,-17.09,-1012.70,2.08,-0.69,-2.55,
35921215,10.25,-17.09,-1019.04,-0.37,0.00,-0.95,
35941226,6.35,-3.42,-1005.37,-0.66,-0.20,1.10,
35961235,14.16,-23.93,-1015.62,0.69,1.25,-1.74,
35981242,12.21,-10.74,-1008.79,0.08,-0.79,0.56,
36001252,6.35,-4.88,-1014.65,-0.37,-1.30,1.19,
36021260,6.84,-15.14,-1018.07,-1.47,-0.32,2.61,
36041268,13.18,-19.53,-1010.74,-0.92,0.53,-1.36,
36061278,7.32,-8.79,-1012.21,2.99,-0.52,2.00,
36081285,6.84,-17.09,-1009.28,0.95,-0.66,-0.90,
36101294,6.84,-10.74,-1013.18,0.29,-0.81,-1.97,
