
SD init failed (second attempt). Is card present? Formatted?
Please ensure the SD card is formatted correctly using https://www.sdcard.org/downloads/formatter/
Config file read failed: SD offline
Artemis OpenLog v1.11
SD card offline
Datalogging offline
Serial logging offline
IMU online
Identifying Qwiic Muxes...
Identifying Qwiic Devices...
No Qwiic devices detected
micros,aX,aY,aZ,gX,gY,gZ,mX,mY,mZ,
1217575,-349.12,-185.55,-602.54,-125.50,40.93,123.28,24.15,-52.05,49.05,
1237582,-339.36,-222.17,-656.25,-143.05,23.40,109.27,24.75,-48.60,47.40,
1257586,-254.88,-175.29,-592.29,-141.08,22.40,88.76,26.25,-46.50,44.85,
1277597,-105.96,-28.32,-420.90,-151.57,-8.50,88.18,25.80,-45.60,44.70,
1297607,-57.62,80.08,-371.09,-166.70,-10.69,84.56,26.70,-44.70,43.80,
1317614,47.36,228.03,-340.82,-180.64,-12.23,101.66,28.20,-42.00,41.85,
1337621,7.32,303.71,-377.93,-197.91,2.37,112.43,29.25,-38.70,41.55,
1357627,-44.92,458.01,-411.62,-201.04,6.84,122.34,28.35,-35.25,39.60,
1377637,-104.98,490.72,-452.15,-198.55,-3.24,122.58,30.90,-32.70,38.55,
1397645,-171.39,523.93,-582.03,-183.45,10.66,109.02,29.85,-29.40,38.25,
1417654,-173.83,582.52,-548.34,-161.74,15.68,103.79,30.30,-24.45,37.35,
1437661,-173.34,508.79,-645.02,-153.77,28.93,92.49,30.30,-21.90,39.15,
1457669,-127.93,623.54,-698.73,-132.11,15.66,86.37,29.85,-21.30,39.00,
1477678,-148.93,641.11,-876.46,-102.26,29.82,96.46,29.70,-16.35,37.80,
1497686,-115.72,732.42,-884.28,-76.69,33.01,73.45,29.25,-16.80,38.85,
1517693,-132.32,796.88,-847.17,-49.69,22.92,74.60,28.05,-14.70,37.50,
1537703,-141.60,806.64,-872.56,-29.11,23.30,68.81,29.70,-12.00,38.10,
1557707,-131.84,815.43,-898.44,-9.85,28.93,65.24,28.80,-13.65,38.25,
1577712,-206.54,816.89,-985.35,9.91,29.63,58.41,27.60,-15.30,38.85,
1597717,-342.29,819.34,-899.41,33.98,36.70,35.44,28.65,-14.85,38.10,
1617725,-210.94,704.10,-940.92,47.21,32.52,27.71,27.15,-17.10,38.40,
1637731,-371.58,553.22,-1039.06,67.44,47.62,-1.59,24.15,-19.05,37.95,
1657737,-271.48,791.99,-686.52,94.23,51.79,-10.95,25.35,-21.15,39.15,
1677746,-92.77,720.21,-699.71,76.27,18.99,-12.56,22.80,-22.80,40.05,
1697754,-167.97,526.37,-1042.48,78.38,14.56,-20.17,23.70,-27.00,40.80,
1717764,-294.43,451.17,-1165.04,106.92,33.62,-37.11,20.25,-34.05,45.15,
1737771,-192.87,721.68,-875.00,118.35,21.51,-60.96,13.35,-41.55,52.65,
1757777,-31.74,608.89,-1034.67,99.25,2.92,-54.99,10.50,-46.80,57.90,
1777784,69.34,521.48,-1096.19,107.44,31.37,-43.25,5.55,-49.95,57.90,
1797794,-78.12,370.61,-1173.34,109.80,46.76,-27.48,2.10,-52.80,69.45,
1817800,-279.30,328.12,-1290.04,125.98,30.73,-32.05,1.20,-53.55,78.90,
1837805,-247.56,350.59,-1341.80,143.13,15.88,-52.61,0.60,-53.25,93.90,
1857814,-137.70,306.64,-1270.51,169.71,4.90,-57.37,0.75,-46.95,100.05,
1877821,-55.66,374.51,-933.59,158.52,-4.00,-42.50,3.15,-39.75,102.30,
1897831,-310.55,152.34,-1222.66,141.91,-7.25,-46.02,6.90,-30.75,104.10,
1917841,-443.85,170.90,-1189.45,173.15,-5.60,-82.05,6.90,-26.10,101.40,
1937850,-282.23,197.27,-1022.95,176.43,-6.23,-112.12,11.10,-17.25,93.45,
1957856,-47.36,144.53,-897.46,160.73,-1.25,-112.08,11.40,-15.15,82.35,
1977865,-44.92,-17.09,-1070.80,138.81,22.18,-98.89,12.15,-16.20,75.00,
1997874,-251.95,-107.42,-1124.02,131.36,36.70,-103.22,11.55,-17.55,68.55,
2017884,-187.99,-144.53,-1089.84,134.50,20.90,-107.45,12.90,-18.75,64.65,
2037894,-61.04,-152.34,-1010.25,118.00,-12.14,-93.44,12.00,-26.25,56.40,
2057903,-68.85,-264.65,-1145.02,109.69,-8.44,-87.34,13.35,-32.10,54.45,
2077913,-145.02,-315.43,-1238.28,116.47,28.87,-100.03,11.55,-37.20,52.95,
2097923,9.77,-259.28,-1008.79,124.72,46.03,-105.57,10.65,-39.90,52.20,
2117934,96.68,-331.05,-967.29,115.01,15.88,-86.64,11.10,-43.20,52.80,
2137942,101.56,-448.24,-1130.37,110.90,-7.86,-66.27,9.30,-48.75,53.10,
2157952,63.96,-495.12,-1047.36,114.66,-8.40,-55.11,8.25,-49.80,54.15,
2177960,-38.57,-498.05,-1045.41,110.87,-14.93,-47.40,9.45,-52.95,54.45,
2197967,7.81,-488.77,-931.64,112.02,-17.07,-47.60,9.15,-54.45,56.40,
2217973,3.91,-522.95,-926.27,100.92,-27.48,-47.15,7.35,-55.20,56.40,
2237980,137.70,-608.89,-974.12,106.14,-24.41,-38.89,8.10,-55.80,58.20,
2257986,133.30,-679.20,-896.97,95.08,-20.66,-21.91,7.05,-58.50,59.25,
2277990,-26.37,-719.24,-925.78,91.31,-22.63,-9.19,7.35,-58.80,61.65,
2297997,-141.11,-763.18,-948.73,86.61,-28.17,-10.63,7.95,-59.40,61.20,
2318006,-99.12,-757.32,-964.84,87.88,-40.60,-20.00,6.90,-58.95,60.45,
2338012,55.66,-748.54,-918.95,93.91,-52.29,-12.14,7.95,-61.20,63.90,
2358018,111.33,-758.79,-851.56,91.57,-49.31,-3.34,7.20,-61.95,65.25,
2378023,107.91,-720.70,-828.61,91.11,-41.80,2.53,7.20,-60.75,65.70,
2398031,127.93,-680.66,-801.76,94.96,-41.31,9.07,7.05,-62.40,67.95,
2418041,207.52,-630.86,-669.92,96.20,-32.53,22.60,8.25,-62.70,68.40,
2438048,208.98,-641.60,-563.96,88.27,-29.60,37.82,7.50,-63.30,69.75,
2458057,112.30,-713.38,-533.69,82.11,-34.56,64.73,10.05,-63.75,71.25,
2478064,-67.38,-648.93,-306.15,63.74,-56.20,79.07,9.60,-63.00,71.55,
2498069,-240.72,-791.99,-439.94,27.42,-70.15,80.12,10.95,-63.15,73.05,
2518078,-221.68,-818.36,-459.96,14.84,-44.14,67.91,11.85,-63.75,73.95,
2538088,-201.66,-762.70,-352.05,-2.38,-25.50,62.46,12.30,-62.40,74.10,
2558099,-232.42,-748.05,-243.16,-36.12,-25.15,58.18,14.85,-63.60,75.60,
2578110,-157.23,-705.08,-221.19,-68.43,-21.44,63.56,14.85,-63.60,73.80,
2598118,-127.44,-678.22,-242.19,-99.95,-21.97,85.37,15.00,-62.25,72.90,
2618124,-154.79,-673.83,-321.29,-129.62,14.81,100.93,15.90,-63.90,72.75,
2638129,-219.73,-631.35,-426.76,-141.77,50.63,108.56,18.45,-61.50,69.15,
2658139,-357.42,-560.06,-461.91,-155.85,51.86,106.95,20.70,-61.50,67.05,
2678147,-412.11,-445.31,-551.27,-171.54,39.86,107.44,20.10,-59.85,65.10,
2698151,-405.76,-489.26,-629.39,-172.84,50.37,103.57,21.90,-57.30,63.00,
2718159,-269.04,-515.62,-704.59,-148.03,97.07,112.20,23.70,-58.80,60.30,
2738170,-306.15,-404.30,-577.15,-130.12,117.19,127.21,24.90,-55.65,57.75,
2758180,-438.48,-379.39,-354.98,-152.58,105.82,100.98,25.65,-54.90,55.20,
2778190,-272.46,-276.37,-339.36,-181.48,55.01,92.02,25.65,-52.35,52.80,
2798198,-238.28,-197.75,-562.99,-203.62,-9.54,99.39,25.80,-50.70,50.25,
2818209,-203.61,51.27,-688.48,-221.88,-12.60,99.57,27.90,-49.95,48.90,
2838219,-176.27,120.12,-996.09,-234.76,7.45,85.91,27.60,-45.30,46.80,
2858227,-264.16,103.52,-1239.26,-222.63,19.73,63.05,28.95,-43.05,44.40,
2878238,-338.87,47.85,-1065.92,-196.12,2.70,53.79,29.70,-39.75,43.65,
2898243,-235.35,61.52,-795.41,-171.68,-23.04,39.56,28.95,-37.95,41.55,
2918248,-276.37,55.18,-717.77,-153.85,7.88,32.40,30.60,-36.00,41.10,
2938255,-266.11,102.54,-558.11,-135.76,33.94,20.38,29.10,-33.00,40.35,
2958265,-333.50,175.29,-500.49,-135.37,20.75,4.70,29.85,-30.75,39.00,
2978271,-309.08,206.05,-458.01,-136.63,-22.96,-4.50,30.00,-28.80,38.40,
2998278,-215.82,240.72,-571.29,-142.14,-73.65,-2.78,29.70,-27.75,38.85,
3018287,-165.53,253.91,-685.06,-128.99,-76.29,-11.16,30.15,-26.40,39.30,
3038294,-27.34,360.35,-585.45,-114.61,-58.58,4.93,30.90,-24.90,39.00,
3058301,111.33,437.01,-525.88,-117.42,-30.58,35.54,32.55,-24.00,38.40,
3078306,-25.88,541.02,-639.65,-115.60,22.63,45.79,32.25,-22.35,41.40,
3098313,-141.60,579.59,-776.86,-117.10,35.88,63.73,31.35,-18.90,40.20,
3118318,-210.94,605.47,-929.69,-98.69,33.30,66.92,31.20,-18.00,39.00,
3138328,-348.63,646.48,-856.45,-70.79,35.40,62.20,31.65,-16.20,39.00,
3158339,-453.12,681.15,-589.84,-58.24,36.08,54.46,29.55,-12.60,38.55,
3178344,-390.14,669.43,-506.35,-61.04,25.95,58.44,30.60,-11.40,39.60,
3198351,-452.15,658.69,-433.11,-52.50,35.21,42.63,29.70,-11.25,40.20,
3218356,-275.39,723.63,-413.09,-69.51,35.98,21.91,29.70,-8.70,39.45,
3238364,-229.98,664.55,-709.47,-64.43,2.66,9.60,29.10,-7.80,40.35,
3258368,-88.87,757.81,-629.39,-29.60,17.98,-5.80,28.80,-5.55,40.65,
3278373,36.62,771.00,-479.98,-17.08,25.80,5.40,28.80,-6.00,41.10,
3298378,233.89,848.14,-411.13,-20.98,40.35,28.58,28.05,-5.25,40.35,
3318388,77.15,819.82,-716.31,-33.45,34.50,51.62,28.05,-4.20,41.70,
3338392,-120.12,849.61,-910.16,-11.39,43.98,42.64,29.25,-6.45,40.20,
3358398,-37.11,937.01,-848.63,4.26,44.49,16.58,26.40,-3.90,40.80,
3378403,-46.88,872.56,-932.13,18.52,32.93,33.01,26.10,-2.55,39.75,
3398411,-208.98,819.34,-1145.02,45.82,43.73,32.55,26.25,-3.00,41.40,
3418415,-444.34,801.76,-1154.79,100.92,39.45,-10.73,24.30,-5.10,41.55,
3438421,-233.40,832.52,-793.46,126.92,44.93,-41.42,24.30,-4.65,41.85,
3458431,-83.50,786.62,-621.58,111.48,31.40,-42.63,23.85,-7.05,40.65,
3478437,-84.96,664.55,-813.48,88.64,31.80,-43.25,22.35,-8.85,40.05,
3498443,-267.09,667.48,-990.23,97.19,35.60,-59.83,23.85,-8.10,39.60,
3518453,-39.06,725.10,-855.47,92.75,13.86,-58.60,23.10,-10.65,39.00,
3538458,71.78,671.39,-934.57,82.08,3.39,-45.56,24.00,-12.00,39.45,
3558466,36.62,771.00,-867.19,70.43,33.60,-28.84,22.65,-14.25,38.40,
3578471,-108.89,576.66,-954.59,53.79,35.88,-27.77,21.90,-16.05,38.40,
3598482,-220.70,561.04,-1039.06,58.50,24.50,-25.05,21.30,-14.40,38.55,
3618491,-206.54,548.83,-1017.58,49.42,26.70,-38.38,21.00,-16.20,36.45,
3638499,-104.00,525.39,-1056.15,48.00,39.24,-35.73,20.40,-15.60,38.10,
3658505,-138.18,503.42,-1158.69,46.82,40.82,-25.60,21.75,-17.25,37.50,
3678512,-233.89,425.78,-1224.61,61.08,41.79,-27.57,21.15,-16.80,39.45,
3698523,-255.37,417.97,-1122.07,78.27,17.05,-40.63,20.10,-18.60,37.80,
3718528,-253.91,412.60,-1139.16,85.05,18.29,-49.36,20.70,-21.75,37.20,
3738534,-139.65,383.30,-1099.12,99.57,33.25,-54.50,20.25,-20.25,39.00,
3758540,-58.59,310.06,-1083.98,103.76,38.73,-54.75,20.70,-22.05,37.95,
3778550,-67.38,330.57,-833.01,97.11,41.50,-50.67,19.35,-23.70,37.80,
3798556,-83.50,243.65,-955.08,94.47,42.06,-51.37,20.70,-26.10,37.50,
3818560,-31.25,224.12,-930.18,101.15,27.95,-47.08,19.35,-26.55,36.30,
3838568,-3.91,163.09,-926.27,104.90,15.60,-46.76,19.95,-27.90,37.50,
3858576,21.48,95.70,-1104.00,112.03,9.77,-49.11,20.10,-29.55,36.75,
3878583,67.87,124.02,-1145.02,135.98,8.52,-46.21,19.35,-31.05,37.80,
3898594,110.84,135.25,-975.59,139.65,22.26,-41.13,21.00,-33.00,39.60,
3918602,59.57,211.43,-704.59,120.95,32.03,-31.18,20.85,-34.65,39.75,
3938608,-35.64,-32.23,-923.83,92.98,29.34,-28.18,21.00,-35.55,37.50,
3958613,-67.38,-68.85,-1187.99,98.82,17.57,-28.34,20.85,-36.45,40.20,
3978621,-156.25,-176.27,-1511.72,119.74,21.33,-41.01,20.40,-38.25,40.50,
3998631,-90.33,-132.32,-1279.79,156.46,60.29,-68.34,20.70,-38.85,42.00,
4018638,98.14,-44.43,-741.70,124.17,41.30,-54.43,21.30,-41.85,41.70,
4038647,396.97,-231.45,-934.57,97.95,31.39,-27.30,19.20,-42.15,40.65,
4058653,386.23,-193.36,-1135.25,82.78,62.66,-1.42,18.75,-44.55,42.30,
4078661,127.44,-442.87,-1472.66,93.25,88.15,7.22,19.35,-44.10,42.30,
4098668,18.55,-510.74,-1371.09,117.74,60.78,3.18,17.40,-45.75,42.00,
4118676,90.33,-407.71,-1350.10,127.39,47.73,0.85,17.55,-44.85,42.60,
4138683,169.43,-386.72,-1129.88,128.85,48.37,1.04,13.95,-46.95,42.75,
4158690,148.93,-411.13,-1021.00,119.33,60.58,-0.46,11.85,-48.00,43.05,
4178699,180.18,-414.55,-896.97,114.89,54.92,1.04,6.60,-49.35,42.60,
4198708,272.46,-495.61,-872.56,107.16,26.14,16.81,2.10,-48.60,41.85,
4218714,267.58,-506.35,-874.51,91.94,3.19,45.19,0.15,-49.80,41.70,
4238721,85.45,-557.62,-885.25,89.97,13.01,39.71,-6.15,-54.90,43.05,
4258725,90.33,-518.55,-786.13,80.70,21.31,30.70,-8.55,-55.35,43.50,
4278736,184.57,-535.16,-666.99,66.26,11.79,29.47,-11.25,-59.10,43.95,
4298740,134.28,-518.55,-471.68,22.56,-2.34,35.77,-12.45,-60.45,48.60,
4318751,200.20,-603.03,-666.99,8.40,15.98,36.61,-12.00,-61.35,48.15,
4338758,187.50,-593.75,-719.24,11.11,7.62,46.47,-10.50,-62.85,51.60,
4358763,21.00,-596.68,-716.31,1.11,-19.89,60.15,-9.30,-63.30,53.10,
4378771,-45.41,-500.49,-603.03,1.42,-24.43,45.25,-7.35,-63.60,54.75,
4398776,14.65,-560.06,-583.01,-20.37,-30.50,26.26,-5.40,-64.80,55.95,
4418781,170.41,-542.97,-742.19,-30.18,-19.42,32.98,-3.00,-63.30,55.65,
4438785,205.57,-539.06,-606.93,-23.25,-9.11,36.14,0.15,-62.70,57.00,
4458795,121.58,-542.97,-699.22,-28.23,-17.54,42.27,1.65,-61.65,57.15,
4478806,81.54,-495.12,-661.13,-23.28,-26.52,41.73,4.95,-61.05,58.95,
4498816,109.38,-491.70,-662.11,-24.32,-32.09,36.44,6.45,-58.20,59.10,
4518827,60.55,-539.55,-730.96,-28.93,-31.66,31.11,8.10,-58.20,59.10,
4538838,84.96,-566.41,-801.27,-14.82,-13.02,20.84,8.25,-57.15,59.70,
4558846,121.09,-495.12,-716.80,-11.63,-6.64,18.23,9.30,-56.85,60.75,
4578852,43.95,-437.01,-602.05,-11.18,-9.07,21.27,9.90,-55.50,61.65,
4598862,-79.10,-454.59,-614.75,-32.18,1.60,11.10,9.90,-55.50,62.40,
4618872,-59.57,-618.65,-757.81,-45.74,-4.24,11.51,8.55,-53.10,61.80,
4638877,-0.49,-471.19,-696.78,-45.53,-17.10,13.77,9.45,-54.00,61.95,
4658884,-83.98,-503.42,-797.85,-63.51,-16.11,9.63,9.90,-52.65,61.05,
4678889,90.33,-576.66,-1109.86,-29.42,-0.66,0.89,8.40,-53.25,61.05,
4698895,-12.21,-560.55,-1018.55,1.28,15.83,0.03,9.45,-50.70,61.65,
4718905,-123.05,-438.96,-685.06,3.69,-7.77,-2.24,8.70,-49.65,62.40,
4738916,-187.50,-517.09,-648.44,-18.82,-16.02,-11.47,8.55,-50.25,62.85,
4758922,-36.13,-532.23,-697.27,-15.31,-16.75,-33.44,7.50,-49.80,62.55,
4778927,2.44,-439.94,-689.45,-32.17,-26.00,-26.14,7.50,-49.05,63.90,
4798936,9.77,-453.12,-836.91,-33.22,-28.66,-16.60,6.90,-48.75,63.30,
4818941,-45.90,-419.43,-792.97,-19.28,-14.40,-15.88,6.15,-49.50,63.90,
4838948,-82.03,-439.94,-794.92,-33.27,0.47,-26.34,6.45,-49.05,63.90,
4858955,7.81,-447.75,-808.11,-35.82,2.24,-31.85,7.05,-48.90,63.45,
4878963,36.13,-464.84,-831.05,-40.93,-17.22,-19.88,7.05,-47.40,63.00,
4898969,9.28,-444.82,-835.45,-41.30,-30.64,-13.74,7.50,-49.05,62.55,
4918974,13.67,-399.90,-812.01,-48.32,-27.34,-18.40,6.90,-47.70,62.25,
4938980,25.88,-364.75,-812.50,-56.23,-17.39,-15.68,8.10,-48.90,61.95,
4958986,61.04,-459.47,-1068.85,-40.61,-0.75,-7.88,7.50,-49.05,59.70,
4978990,35.16,-432.62,-983.89,-20.90,4.38,-4.76,9.15,-49.35,58.95,
4999002,-117.19,-385.74,-934.57,-19.88,0.08,0.26,8.55,-49.05,59.10,
5019010,-123.54,-434.08,-996.58,-12.64,0.61,-16.27,8.55,-50.25,58.35,
5039015,-19.53,-428.22,-960.94,-9.65,-9.15,-13.86,9.45,-50.40,58.20,
5059021,32.71,-418.95,-986.82,-6.21,-11.54,-9.89,9.90,-49.95,58.95,
5079027,42.97,-353.52,-923.34,-6.79,-3.07,-1.65,10.50,-50.70,57.45,
5099038,-31.74,-392.58,-933.11,-14.27,5.65,-1.27,9.15,-50.40,56.85,
5119047,-80.57,-378.42,-916.02,-15.45,2.21,-6.82,9.30,-50.55,58.05,
5139055,-92.29,-361.82,-897.46,-19.13,-11.27,-7.50,9.45,-50.70,57.15,
5159061,-96.19,-368.65,-919.92,-21.53,-14.55,-12.76,9.00,-51.00,57.00,
5179067,-13.18,-348.14,-957.03,-21.97,-7.89,-13.37,9.45,-49.65,57.45,
5199071,36.13,-368.65,-986.82,-9.42,-1.66,-6.05,9.00,-50.25,56.70,
5219078,18.07,-357.91,-931.15,-8.17,6.84,-5.63,8.70,-48.90,55.80,
5239083,-61.52,-356.45,-889.65,-7.98,14.38,-5.24,9.45,-49.35,56.40,
5259095,-84.47,-336.91,-871.58,-8.99,19.08,-14.32,10.20,-49.95,56.85,
5279105,-47.36,-346.68,-830.57,-13.92,8.44,-16.82,9.15,-48.90,56.85,
5299113,70.80,-384.77,-985.35,-11.07,-3.37,-8.93,9.00,-51.00,57.00,
5319117,105.47,-405.27,-1051.27,2.49,5.31,-7.45,8.55,-50.25,56.70,
5339128,52.73,-333.01,-904.79,6.41,17.18,-3.04,9.00,-50.55,54.60,
5359132,-15.62,-337.40,-874.51,-4.20,10.24,-2.90,9.90,-49.95,55.50,
5379140,28.81,-340.82,-925.78,-17.47,-0.49,-1.56,9.00,-49.80,55.20,
5399149,83.50,-366.70,-1000.98,-15.05,-10.84,5.45,10.05,-51.60,55.95,
5419155,37.60,-354.98,-1008.30,-9.19,-0.67,6.32,9.90,-51.90,54.45,
5439161,2.93,-341.80,-986.33,-3.89,0.31,11.22,9.60,-50.55,55.20,
5459165,-24.41,-338.87,-993.16,-2.98,0.12,9.13,9.00,-49.80,54.60,
5479170,-83.01,-282.71,-912.11,-2.20,-3.08,9.89,9.45,-50.70,55.50,
5499179,-51.27,-328.61,-990.23,-8.17,-2.70,4.82,8.55,-49.80,55.20,
5519187,-14.16,-330.57,-979.49,-3.56,2.34,-0.95,9.00,-50.25,55.65,
5539196,-21.48,-308.11,-926.27,-2.76,-3.89,2.41,9.00,-49.80,54.60,
5559203,-12.21,-299.32,-938.48,-3.16,-7.92,3.47,7.95,-50.25,55.20,
5579211,-3.42,-322.75,-956.05,-1.82,-4.82,0.92,9.00,-49.80,55.65,
5599216,-9.77,-319.34,-921.39,-3.15,-1.40,2.18,10.20,-48.90,54.75,
5619221,-52.25,-288.57,-929.69,-2.92,-9.34,4.75,9.45,-48.15,54.45,
5639230,-75.68,-330.08,-957.52,-4.24,-6.14,-4.27,8.10,-49.65,55.80,
5659242,-3.42,-302.73,-936.52,-0.96,-5.19,-4.82,8.55,-48.00,55.65,
5679252,-11.72,-297.36,-928.22,-3.01,-2.55,-5.45,8.40,-49.35,55.80,
5699257,27.34,-325.68,-936.52,-2.35,1.13,-2.06,8.70,-48.60,54.75,
5719263,59.08,-285.64,-889.16,-1.39,-4.05,4.67,9.15,-48.15,55.80,
5739270,-48.34,-312.50,-965.82,-7.76,-0.31,9.24,10.95,-47.85,55.05,
5759276,-40.53,-326.66,-956.05,-1.28,0.63,1.53,9.45,-48.15,54.75,
5779287,-12.70,-316.41,-934.57,-1.54,-9.50,7.31,7.50,-48.30,54.15,
5799294,-18.07,-299.80,-928.22,-7.21,-10.09,7.01,9.00,-48.75,55.20,
5819305,-45.90,-313.96,-957.52,-3.95,0.81,2.35,9.60,-48.30,55.65,
5839313,-43.46,-315.92,-983.40,-2.40,-3.27,5.25,8.25,-48.30,55.65,
5859319,-95.70,-300.29,-976.56,3.85,-2.32,2.98,8.40,-49.65,55.50,
5879323,-66.41,-279.30,-937.50,6.08,-0.18,-2.35,7.65,-48.15,54.45,
5899333,-57.62,-297.85,-919.92,1.04,-5.40,-0.34,8.10,-48.15,55.50,
5919342,-64.45,-299.32,-927.73,-5.18,-4.14,-7.13,8.25,-47.70,55.20,
5939352,-12.21,-306.64,-964.36,-4.67,-1.95,-5.91,8.10,-47.85,54.45,
5959358,-23.44,-299.32,-972.66,-1.47,3.31,-2.73,8.70,-48.15,55.80,
5979366,-43.95,-295.90,-930.18,-2.15,1.57,-1.39,8.10,-47.85,55.80,
5999372,-30.27,-296.88,-937.01,-2.92,-0.43,2.52,7.05,-47.85,55.80,
6019383,-32.71,-287.60,-914.06,-1.30,-1.18,0.03,9.00,-48.75,55.95,
6039392,-22.95,-288.09,-945.31,-2.00,-7.11,1.51,8.10,-48.15,55.80,
6059402,-43.95,-289.55,-957.52,-2.20,-5.73,5.63,9.15,-47.40,54.45,
6079409,-78.12,-297.85,-964.84,-4.82,-3.10,-0.92,7.20,-48.30,54.90,
6099419,-27.34,-293.46,-941.89,-2.96,-4.32,-0.03,9.45,-48.60,53.40,
6119424,-68.36,-291.02,-962.40,-2.72,-3.60,1.13,7.95,-47.25,56.25,
6139430,-68.36,-299.32,-915.53,-1.59,0.64,-4.15,8.25,-47.25,56.70,
6159437,-42.48,-267.09,-918.95,-3.48,-2.99,2.53,8.25,-48.00,55.65,
6179448,-49.32,-301.27,-952.64,-1.08,-6.55,1.68,9.00,-48.75,53.85,
6199452,-49.32,-291.50,-903.81,-0.85,-1.13,1.39,8.55,-46.95,53.55,
6219460,-44.92,-282.71,-919.43,-10.46,-0.92,-1.30,8.40,-46.80,53.70,
6239469,-54.69,-272.95,-912.11,-12.31,-0.63,-4.00,7.95,-46.95,53.10,
6259476,-41.50,-280.76,-955.57,-12.99,-2.89,0.17,9.15,-48.15,55.05,
6279482,-58.11,-284.67,-990.23,-6.49,-4.35,4.98,7.50,-47.25,53.85,
6299492,-79.10,-279.79,-996.09,-3.24,-3.60,1.59,9.15,-48.15,53.40,
6319501,-90.82,-291.99,-992.68,-1.76,-0.67,2.85,8.55,-47.70,53.10,
6339509,-63.48,-277.34,-970.21,-0.69,-1.11,1.54,6.90,-47.70,53.10,
6359518,-80.57,-286.13,-964.84,-3.25,1.65,-1.60,10.20,-46.80,52.65,
6379527,-41.02,-274.90,-962.89,-1.34,-3.83,-4.11,9.15,-48.15,52.95,
6399532,-55.66,-265.14,-997.07,-1.98,-3.85,-1.60,8.70,-48.15,52.65,
6419537,-79.59,-283.69,-965.82,-2.78,0.11,-0.61,8.25,-49.50,52.50,
6439546,-73.24,-278.32,-941.41,-2.24,-6.43,3.82,7.65,-47.85,52.65,
6459552,-92.77,-265.14,-1000.98,-2.15,-4.78,4.41,9.30,-47.70,51.45,
6479558,-88.87,-273.44,-970.21,2.14,-1.92,-3.60,9.00,-49.50,51.75,
6499564,-61.04,-253.91,-934.57,-2.92,-1.86,-3.86,9.45,-46.80,53.40,
6519568,-65.43,-270.02,-955.57,-2.03,1.22,-4.02,10.20,-48.15,52.95,
6539577,-53.71,-260.25,-932.13,-1.47,-0.37,-3.86,9.45,-47.40,52.65,
6559585,-79.10,-266.11,-950.68,-2.92,-1.86,-3.07,8.55,-47.70,51.75,
6579596,-41.02,-263.18,-950.20,4.11,-3.25,-2.18,9.60,-48.30,52.20,
6599606,-39.06,-267.09,-941.41,1.07,-0.73,1.62,9.45,-48.90,53.40,
6619616,-37.60,-253.91,-937.01,0.14,0.12,1.19,8.70,-48.15,52.65,
6639623,-51.27,-254.39,-945.80,-0.84,1.59,-0.70,9.90,-48.60,52.95,
6659631,-53.22,-256.35,-917.97,-1.86,1.62,0.20,8.55,-48.30,51.45,
6679641,-52.25,-238.77,-909.67,-2.46,-1.13,0.63,9.00,-49.05,52.50,
6699652,-66.41,-256.84,-949.71,-4.58,-2.09,2.98,8.55,-47.70,50.10,
6719657,-63.96,-258.79,-956.54,-4.03,-1.86,5.85,8.70,-48.60,50.25,
