micros,aX,aY,aZ,gX,gY,gZ,mX,mY,mZ,
1216750,-81.54,-997.07,26.86,77.50,-59.16,115.80,-3.75,-51.15,101.85,
1236758,-246.58,-1057.62,74.22,100.40,-144.15,92.85,-2.55,-50.25,102.45,
1256768,-300.78,-1049.32,424.32,26.76,-136.21,33.02,-3.75,-50.40,103.65,
1276778,-150.39,-1044.43,-185.06,39.44,-45.66,43.27,-3.30,-51.60,102.45,
1296784,62.01,-862.30,-218.26,119.95,-85.48,-9.15,-4.20,-49.65,102.90,
1316793,227.54,-681.15,642.58,131.45,-107.77,29.85,-5.10,-49.50,103.05,
1336799,-116.21,-981.93,382.81,94.78,-7.73,101.02,-7.05,-46.80,105.75,
1356807,-290.53,-1056.15,156.25,95.62,39.16,69.83,-5.10,-46.50,104.85,
1376813,-176.27,-954.10,191.89,98.27,72.29,74.14,-5.70,-46.50,106.65,
1396821,-128.42,-843.75,318.36,115.27,83.30,83.22,-1.80,-44.70,108.30,
1416828,-284.18,-878.42,353.52,122.79,40.14,99.86,-1.80,-44.70,107.70,
1436836,-1433.11,-1081.54,-932.62,336.08,153.69,3.98,0.30,-42.75,110.55,
1456845,-644.04,-315.92,44.43,332.63,50.93,-21.69,-0.75,-39.90,112.80,
1476850,-43.46,-493.65,682.13,350.35,46.29,-64.27,0.30,-34.65,114.45,
1496854,-320.80,-512.70,1038.57,246.82,29.44,-25.48,0.75,-30.75,117.00,
1516860,24.41,-357.42,1291.99,7.25,-233.30,65.10,0.75,-25.65,117.00,
1536866,-784.18,-724.12,702.64,61.63,164.32,-6.67,0.60,-24.45,116.55,
1556876,223.63,-621.09,771.48,174.63,-176.60,56.35,-0.30,-23.70,116.85,
1576881,-375.00,-103.03,1369.14,337.01,-92.08,31.74,-0.30,-20.40,117.45,
1596888,-555.66,-148.44,724.12,250.73,-130.41,6.96,-2.25,-17.70,118.05,
1616897,-248.54,-428.71,541.99,215.97,24.84,-41.56,-2.70,-11.25,117.15,
1636905,-202.15,-156.25,736.82,301.69,-72.35,-44.31,-3.30,-11.40,116.70,
1656915,-80.57,-66.89,1654.30,236.14,-63.42,-6.02,-1.50,-4.50,115.65,
1676921,-285.16,-163.09,1690.92,33.30,3.48,3.57,-4.20,0.00,113.70,
1696930,-252.44,-318.85,961.43,-86.41,46.79,-23.50,-3.15,-0.30,115.05,
1716940,-308.11,54.20,256.84,33.24,39.19,-51.74,-2.55,-1.20,114.90,
1736947,75.68,199.71,1214.36,102.55,-6.78,-5.22,-2.25,1.20,113.55,
1756957,-61.04,173.83,1352.05,32.21,41.57,44.99,-3.00,0.15,114.15,
1776964,-126.46,-96.68,685.06,64.92,17.02,56.12,-1.35,1.35,115.05,
1796971,-144.04,-319.82,692.38,148.93,-56.21,97.19,-2.40,1.35,114.45,
1816981,-232.91,-2.44,930.18,149.77,-110.52,153.57,-5.25,4.65,113.40,
1836985,-287.11,270.51,1233.40,131.91,-58.73,85.33,-6.15,6.75,112.20,
1856991,-50.78,176.27,929.20,122.11,-49.59,53.18,-8.25,8.10,111.15,
1876998,-43.95,249.02,1391.11,109.25,-1.28,122.72,-8.40,7.95,109.20,
1897007,-223.63,184.57,834.96,33.98,-137.07,172.43,-10.50,7.95,107.40,
1917016,-184.08,190.43,720.70,97.16,-90.93,160.12,-12.60,9.75,107.10,
1937025,-250.49,490.72,839.36,110.63,-147.73,134.81,-15.15,9.45,106.80,
1957035,256.84,692.87,1271.00,189.44,-67.47,39.21,-17.25,10.95,102.60,
1977045,160.16,556.64,863.28,154.35,-158.26,66.20,-18.45,11.85,101.40,
1997051,82.03,507.81,745.12,189.18,-217.95,45.83,-20.70,11.85,97.20,
2017056,74.22,450.20,720.21,166.73,-184.29,56.34,-20.85,13.05,96.30,
2037062,116.21,562.99,800.78,125.77,-95.42,17.77,-25.20,14.70,91.65,
2057071,444.82,719.73,776.86,130.31,-94.32,-2.05,-26.70,15.15,89.55,
2077075,495.12,723.14,964.84,128.17,-141.53,13.10,-25.35,14.55,86.70,
2097081,333.98,713.38,356.45,118.43,-185.76,21.83,-25.95,17.25,84.00,
2117087,181.15,603.03,617.68,165.98,-61.01,18.31,-26.85,16.05,82.80,
2137094,382.81,482.42,418.95,164.12,-13.05,0.87,-27.15,15.30,80.40,
2157102,1099.12,702.15,738.28,168.53,-5.34,42.29,-27.00,15.45,76.80,
2177111,475.10,1137.21,668.46,120.29,-48.93,35.65,-27.60,16.05,75.15,
2197119,651.37,812.01,375.98,127.04,-117.07,13.22,-28.65,14.85,72.45,
2217127,145.02,661.13,35.16,193.15,-18.18,108.75,-27.90,14.25,70.65,
2237136,142.09,748.54,457.52,199.31,53.34,25.27,-26.85,14.55,70.05,
2257146,683.59,736.33,557.62,128.09,19.92,-45.40,-28.05,13.20,66.00,
2277156,1567.38,1171.88,369.63,115.74,43.91,38.20,-27.30,11.85,65.25,
2297165,844.73,922.36,310.06,92.81,150.06,161.44,-28.35,12.15,64.20,
2317170,34.67,776.86,-23.44,98.60,113.69,137.63,-30.60,10.65,66.00,
2337177,198.24,734.38,123.05,104.58,-24.09,52.98,-33.15,8.70,65.85,
2357185,746.58,906.74,17.09,78.50,-50.37,27.10,-32.25,7.05,66.30,
2377194,489.75,784.67,-21.97,98.55,-112.11,36.44,-33.15,6.15,64.05,
2397200,257.81,820.31,29.79,125.89,-174.47,-10.15,-32.55,5.10,59.55,
2417206,315.43,782.71,-356.93,120.29,-276.08,-83.25,-31.20,6.00,57.00,
2437216,597.66,675.78,-333.01,187.82,-470.79,-124.35,-28.35,4.20,52.50,
2457227,1134.77,931.64,-69.82,238.38,-382.00,17.50,-25.20,3.75,49.65,
2477233,801.27,857.91,-719.73,158.73,-286.81,-19.04,-18.15,1.50,42.00,
2497239,242.68,711.43,-998.54,326.76,-280.81,-27.54,-14.85,-1.80,38.85,
2517248,211.43,-811.52,-1574.22,442.56,-121.59,-128.69,-10.95,-5.40,37.80,
2537257,871.58,634.77,-571.29,180.73,-84.50,-39.89,-7.65,-10.95,33.90,
2557263,1037.11,708.98,-1352.54,189.60,-16.09,1.31,-6.30,-15.60,34.20,
2577272,535.16,708.01,-801.27,227.71,9.82,117.57,-6.45,-16.95,32.70,
2597282,-40.04,608.89,-762.21,198.75,0.17,116.79,-6.60,-21.15,34.20,
2617293,134.28,380.37,-1270.02,202.41,-35.19,34.09,-6.15,-25.35,34.80,
2637301,861.33,496.09,-917.97,256.37,-21.88,21.56,-5.40,-28.20,34.80,
2657311,810.55,454.10,-625.00,171.97,19.21,88.56,-5.25,-32.85,35.70,
2677318,-146.48,218.75,-987.79,149.48,-40.05,115.97,-5.25,-33.90,37.05,
2697323,281.74,132.81,-578.61,126.35,-61.42,73.91,-5.55,-36.15,38.40,
2717334,721.19,256.84,-1484.38,133.73,-54.64,56.00,-3.00,-39.30,37.20,
2737343,535.64,142.09,-888.18,206.66,-62.96,89.11,-2.10,-42.30,38.40,
2757350,208.50,-130.86,-398.44,156.93,-106.76,93.34,-0.45,-43.65,40.05,
2777361,-92.77,-262.21,-869.14,115.07,-69.51,59.65,1.20,-46.20,41.10,
2797370,417.48,-144.53,-1022.95,115.59,-38.98,24.49,2.10,-46.35,41.25,
2817380,637.21,-173.34,-1163.57,136.53,-83.07,46.85,2.55,-49.80,43.80,
2837385,291.99,-254.39,-729.00,134.60,-89.36,99.60,4.05,-50.25,45.90,
2857389,-295.90,-444.82,-491.21,101.07,-76.05,73.59,7.35,-51.45,47.85,
2877400,-77.15,-467.77,-804.69,67.04,-84.95,-11.80,6.45,-53.85,48.60,
2897409,224.12,-366.21,-1043.46,78.84,-62.47,10.55,8.70,-53.70,49.20,
2917415,131.84,-390.62,-774.41,91.27,-51.83,-8.56,8.70,-53.70,49.95,
2937422,255.86,-376.46,-1035.64,80.40,-88.09,28.15,8.10,-55.20,51.30,
2957432,-478.52,-489.75,-938.48,90.67,-91.92,29.86,10.05,-56.10,52.80,
2977440,567.38,-166.99,-809.08,62.87,-277.71,-14.18,11.10,-56.10,54.90,
2997449,32.23,-548.34,-895.51,76.63,-61.57,10.34,10.35,-56.10,54.90,
3017456,-158.69,-577.64,-797.85,95.04,-77.66,-5.30,12.15,-56.85,55.95,
3037461,-49.80,-569.34,-542.97,74.41,-36.00,20.44,12.90,-56.85,58.05,
3057467,-115.23,-559.57,-998.05,52.55,-72.34,0.66,13.50,-58.95,60.15,
3077475,-32.71,-588.38,-1064.94,62.95,-63.89,10.02,12.45,-56.10,59.70,
3097484,-316.89,-648.93,-733.40,82.64,-77.30,17.82,13.05,-59.10,61.05,
3117490,-273.93,-646.00,-604.98,64.12,-74.40,-1.68,15.00,-57.45,63.60,
3137495,-228.03,-640.62,-1021.48,71.04,11.10,-0.69,14.55,-57.90,64.65,
3157500,-412.11,-700.20,-440.92,85.07,42.58,-10.72,14.55,-60.00,64.65,
3177507,-278.81,-656.25,-601.07,42.69,39.83,-19.40,14.40,-58.80,66.15,
3197517,-104.49,-610.35,-684.57,39.16,88.40,-30.12,12.60,-60.30,67.95,
3217522,-251.95,-671.88,-778.81,92.12,74.75,-10.15,13.35,-61.05,68.55,
3237533,-271.97,-755.37,-588.87,68.09,82.58,-37.48,12.30,-60.60,69.60,
3257541,-80.08,-797.36,-675.78,61.60,96.61,-38.34,12.15,-59.70,69.75,
3277550,142.58,-760.25,-580.08,63.16,92.08,-27.27,10.35,-61.20,70.20,
3297557,52.73,-779.79,-661.13,57.85,101.42,-10.47,11.40,-60.75,71.25,
3317565,260.74,-856.93,-578.12,76.92,48.41,-26.55,10.95,-60.60,71.10,
3337574,3.91,-894.04,-400.88,55.08,149.86,19.59,9.45,-60.60,72.15,
3357580,-220.21,-867.68,-1090.82,17.86,250.70,-11.10,9.30,-60.75,72.30,
3377588,-174.80,-757.32,95.21,27.31,144.15,5.85,9.15,-60.60,72.45,
3397597,240.72,-766.11,-708.98,-1.51,136.81,12.11,8.70,-61.35,70.65,
3417601,4.88,-787.11,-842.29,43.18,253.98,38.11,8.55,-61.20,71.25,
3437611,-268.07,-812.01,-223.14,74.40,248.50,17.91,10.50,-61.65,71.70,
3457622,497.56,-799.32,-100.10,47.79,-19.05,-29.04,9.60,-61.50,72.60,
3477628,479.98,-827.64,-549.32,52.75,-47.18,42.55,9.15,-61.05,73.80,
3497638,-85.45,-970.21,-166.02,63.27,-15.98,31.62,10.35,-62.25,73.95,
3517647,22.95,-886.72,-270.51,29.50,72.09,9.21,9.30,-60.00,73.35,
3537654,83.98,-878.91,-495.12,12.15,108.32,-10.55,9.15,-60.60,74.85,
3557659,156.25,-880.37,-210.94,10.24,81.97,5.34,9.30,-60.75,74.70,
3577666,152.34,-958.98,-410.64,-11.54,152.61,9.65,10.20,-61.05,75.15,
3597672,52.25,-996.58,-540.04,-24.58,341.53,8.35,9.45,-60.60,73.50,
3617679,288.09,-894.04,-545.41,-29.50,500.26,-2.14,10.20,-59.85,73.05,
3637684,314.94,-928.71,-84.96,14.78,439.13,124.14,10.05,-60.45,71.55,
3657691,190.92,-958.98,-277.34,-62.46,386.85,68.27,10.50,-59.85,70.65,
3677697,193.36,-915.53,-308.11,-26.24,402.46,43.63,10.95,-60.30,66.90,
3697702,414.06,-916.50,-343.26,-17.44,414.89,48.69,10.20,-60.30,66.60,
3717710,95.70,-928.22,-5.37,-16.27,457.73,66.43,10.20,-58.80,63.75,
3737716,389.16,-920.90,48.34,-11.79,405.24,40.89,9.45,-59.10,63.75,
3757721,558.11,-970.21,-94.73,-47.95,412.60,61.57,8.10,-58.80,61.35,
3777731,403.81,-948.24,74.71,-82.52,500.26,120.18,5.70,-58.65,60.15,
3797737,206.05,-914.06,120.12,-122.09,484.09,124.08,5.70,-58.65,58.05,
3817741,105.96,-1001.95,-163.09,-93.16,368.21,94.99,4.20,-57.30,56.85,
3837747,137.21,-981.93,-32.23,-66.75,394.47,65.11,2.40,-56.25,54.75,
3857756,49.32,-992.68,-96.68,-74.47,413.76,68.29,0.75,-57.15,53.85,
3877763,225.59,-919.43,-118.16,-81.77,454.29,59.25,-2.10,-54.75,53.40,
3897770,165.53,-864.26,-207.52,-82.76,462.53,62.50,-3.45,-53.25,51.60,
3917779,291.50,-927.73,-35.16,3.25,463.54,72.50,-6.90,-54.60,52.80,
3937786,-145.51,-947.75,372.56,-45.54,462.60,99.59,-9.60,-55.65,54.90,
3957796,43.46,-977.54,140.14,-106.75,471.16,95.66,-11.10,-54.60,54.90,
3977803,58.59,-998.05,-359.38,-103.97,401.62,70.12,-12.60,-54.00,56.85,
3997809,249.02,-954.59,-21.97,-19.05,436.32,77.79,-15.90,-53.70,58.20,
4017815,-204.10,-1081.05,-70.31,-25.45,500.26,97.21,-16.50,-54.00,60.30,
4037821,-232.91,-1041.02,-149.90,-42.70,478.03,70.69,-17.25,-55.20,63.45,
4057830,4.88,-1011.72,-185.06,-50.08,446.41,65.86,-19.05,-56.55,66.60,
4077840,104.98,-955.08,103.03,-75.15,465.88,75.82,-19.05,-56.25,68.25,
4097849,-251.95,-1030.27,-226.07,-60.52,397.13,82.35,-19.05,-55.50,69.60,
4117856,-358.40,-1085.94,-687.01,-23.28,361.97,19.50,-18.30,-56.55,73.05,
4137862,-38.09,-999.02,-256.84,16.11,427.01,-3.83,-18.75,-57.00,73.05,
4157872,175.29,-1018.07,-178.22,-4.93,425.08,18.43,-17.10,-55.65,78.15,
4177877,-62.99,-955.08,-22.95,-30.26,333.62,33.79,-16.95,-56.55,79.05,
4197888,-249.02,-1041.02,-225.59,-32.53,333.95,-5.05,-15.60,-56.10,80.85,
4217896,-83.50,-999.02,-252.93,-17.83,309.95,-30.34,-14.25,-56.10,85.80,
4237906,21.97,-969.24,-21.48,-46.32,362.12,-51.68,-15.00,-56.85,85.50,
4257915,64.45,-964.36,-129.39,-37.76,257.97,-34.29,-13.20,-58.65,87.45,
4277920,206.54,-940.92,-182.13,-29.73,292.69,-20.61,-12.45,-57.45,88.50,
4297927,235.84,-907.23,-186.52,-4.09,205.33,-2.63,-12.30,-56.55,88.05,
4317934,244.63,-959.96,-185.06,-30.66,174.95,-11.97,-10.50,-58.50,89.10,
4337942,161.62,-1036.62,-296.88,-25.71,167.60,-34.32,-8.55,-56.40,90.60,
4357952,649.90,-855.96,-32.23,25.63,115.21,-12.99,-9.00,-58.20,89.55,
4377959,71.78,-1038.57,-316.41,11.47,39.40,30.12,-8.70,-57.30,91.80,
4397965,119.14,-1056.15,-69.82,2.02,26.11,5.53,-9.15,-58.05,91.20,
4417974,-209.47,-996.58,236.33,-18.15,238.31,-62.66,-9.00,-57.45,91.95,
4437983,376.46,-869.63,21.00,-36.35,213.37,-52.47,-7.95,-56.10,91.95,
4457989,645.02,-837.89,-308.59,-20.84,88.40,1.63,-6.45,-56.85,92.40,
4477997,384.77,-876.95,-94.24,18.31,-71.97,37.07,-6.45,-57.45,93.00,
4498002,129.88,-989.26,144.53,39.24,-149.45,17.79,-5.10,-56.40,94.50,
4518010,84.47,-996.58,-112.79,-6.87,-60.09,-12.21,-4.95,-57.00,92.85,
4538017,282.71,-932.13,-154.30,26.67,60.61,-45.28,-6.15,-57.45,93.45,
4558025,295.41,-921.39,-53.22,53.01,34.02,-8.70,-8.25,-56.85,91.65,
4578031,-44.92,-1083.50,-208.50,47.08,99.73,-26.06,-6.45,-55.35,93.00,
4598041,356.93,-996.09,-43.46,32.70,106.27,-36.76,-6.60,-56.25,95.70,
4618045,263.18,-996.58,-339.84,38.35,72.76,-40.98,-5.70,-56.40,96.60,
4638056,468.75,-957.03,-190.43,88.15,105.65,-21.07,-7.50,-54.90,97.20,
4658066,203.61,-963.38,-119.63,112.72,192.73,1.94,-6.00,-54.75,98.85,
4678071,368.65,-1011.72,225.10,54.11,105.28,-21.01,-4.20,-54.45,99.45,
4698077,436.52,-844.73,136.23,-20.99,240.41,-34.67,-2.70,-52.65,100.50,
4718086,314.94,-902.34,300.78,-100.20,500.26,-93.79,-1.65,-53.25,100.20,
4738092,-632.81,-934.57,-120.12,-18.06,252.17,-77.25,1.50,-53.55,99.30,
4758101,261.72,-711.91,984.38,259.53,-38.61,-47.98,1.35,-52.95,100.20,
4778111,140.62,-847.17,555.66,184.05,5.85,-66.34,1.35,-51.45,101.25,
4798121,569.34,-831.54,249.02,110.63,-0.02,20.31,0.30,-49.35,104.40,
4818130,259.77,-857.42,302.25,107.37,25.42,32.69,1.65,-47.85,105.75,
4838136,255.86,-849.61,603.03,67.98,3.21,-4.70,0.15,-45.75,107.70,
4858144,511.23,-937.99,580.57,2.44,-24.56,-13.92,2.55,-44.40,108.00,
4878153,674.80,-935.55,431.15,25.30,22.56,17.22,2.10,-45.30,108.15,
4898163,541.02,-847.66,340.33,5.71,114.47,33.16,1.65,-44.85,108.90,
4918173,668.46,-802.25,256.84,3.16,28.17,107.91,3.45,-44.85,108.45,
4938184,86.91,-824.71,458.98,45.13,-24.82,99.01,4.35,-45.45,108.60,
4958192,164.06,-785.64,635.74,43.82,-44.12,63.13,5.55,-45.30,108.45,
4978199,463.87,-866.70,278.81,49.27,-116.67,82.95,4.50,-44.85,109.95,
4998206,211.91,-944.82,-68.85,209.79,-48.73,61.71,5.10,-43.20,109.65,
5018216,35.64,-722.66,705.08,244.46,-62.81,56.47,4.95,-40.95,111.00,
5038228,90.82,-787.60,967.29,158.20,-34.78,-15.31,3.45,-36.45,113.70,
5058236,269.04,-645.51,605.47,124.35,-24.92,-17.57,3.15,-35.70,114.75,
5078246,247.56,-751.46,534.18,154.82,-31.36,7.94,2.40,-33.60,115.80,
5098251,458.01,-632.32,1094.73,232.61,-286.43,63.40,2.10,-30.60,115.50,
5118261,-101.07,-439.94,1091.80,157.94,-55.36,48.06,-0.15,-28.20,115.65,
5138267,309.08,-773.93,703.61,173.01,0.79,-64.06,-0.45,-24.90,115.65,
5158276,505.37,-784.18,1194.82,117.88,-22.69,-46.75,-1.80,-21.75,117.00,
5178283,303.71,-628.42,767.58,40.15,15.27,-24.79,-2.40,-18.90,116.85,
5198290,410.16,-507.32,712.40,44.79,36.69,-10.90,-1.80,-18.45,119.70,
5218297,386.72,-585.94,609.38,107.21,-3.83,-13.21,-1.05,-19.35,118.50,
5238306,467.29,-447.75,929.69,164.44,-19.73,-8.14,-1.50,-15.90,119.10,
5258317,256.35,-305.18,586.43,-359.08,123.24,-32.69,-1.05,-16.05,118.95,
5278324,427.73,-447.75,173.83,-54.93,43.13,-10.82,0.30,-18.60,118.95,
5298330,9.77,-472.66,592.29,78.50,177.73,-64.78,0.30,-21.45,117.90,
5318336,79.59,-482.91,636.23,83.02,304.90,-142.84,3.45,-20.70,117.90,
5338341,310.55,-411.13,521.00,196.72,357.77,-112.69,5.40,-18.75,116.70,
5358348,-23.93,-165.53,546.39,283.62,368.40,-73.59,12.60,-17.55,116.55,
5378352,-429.20,-79.59,1193.36,291.68,281.18,-29.04,17.10,-11.85,115.65,
5398364,-256.35,-49.32,1240.72,169.76,260.14,-48.89,21.75,-10.05,112.20,
5418373,-381.84,-121.58,885.74,115.18,204.21,-45.02,23.85,-7.05,110.70,
5438384,-240.72,-44.92,1030.27,112.79,259.50,-74.26,25.80,-6.15,109.20,
5458390,-425.78,-21.48,844.73,119.16,159.91,1.21,28.35,-6.00,105.15,
5478395,-389.65,21.48,790.53,133.04,100.41,-3.66,32.55,-3.15,101.85,
5498405,-646.97,82.52,997.07,121.42,65.73,-17.60,31.80,-1.80,101.55,
5518414,-312.50,-60.06,1117.19,98.82,-93.68,-34.15,33.00,-1.95,101.70,
5538419,-448.24,167.97,900.88,108.03,-84.75,-24.76,33.15,-1.35,99.90,
5558427,-589.84,230.47,924.80,106.61,-21.19,-59.65,32.85,-1.35,99.90,
5578434,-475.10,239.26,691.89,129.73,13.05,-90.63,31.80,-0.60,100.80,
5598438,-308.11,173.83,892.09,141.48,8.93,-134.02,31.95,0.45,98.55,
5618443,-138.67,108.89,1238.77,119.30,13.85,-99.08,33.30,-0.90,99.60,
5638448,-516.60,148.44,1160.16,110.08,-31.69,-102.43,33.75,-0.90,97.95,
5658459,-512.70,314.94,779.30,109.51,-36.84,-165.45,34.80,-1.95,97.95,
5678467,-387.21,274.90,776.37,124.15,8.31,-162.43,34.65,-2.85,98.10,
5698477,-182.13,112.30,1170.90,120.17,-29.36,-140.70,35.55,-3.45,96.60,
5718485,-206.54,277.34,819.82,158.84,3.89,-111.48,36.90,-4.80,95.85,
5738494,-937.01,541.50,757.81,160.02,-53.37,-64.46,36.00,-5.85,95.70,
5758502,-296.39,388.67,949.71,141.45,-55.82,-148.35,36.00,-6.15,96.00,
5778509,-603.03,665.53,708.01,88.69,-141.85,-130.50,35.55,-5.55,96.60,
5798519,-390.62,542.97,1074.22,140.81,-259.45,-198.26,36.60,-7.05,98.25,
5818530,-252.93,567.38,944.82,113.13,-79.76,-161.57,34.95,-7.65,99.45,
5838535,-233.40,489.26,517.09,118.02,92.09,-148.31,35.10,-10.35,101.10,
5858545,96.68,449.22,322.27,225.39,271.88,-77.66,33.90,-9.00,100.20,
5878550,-1643.07,772.95,1755.86,253.48,19.36,-9.45,38.55,-9.00,95.70,
5898561,-584.47,712.40,729.98,135.16,222.44,-29.60,39.60,-9.00,91.50,
5918569,-510.25,682.13,795.90,119.77,123.22,1.42,39.75,-6.75,90.60,
5938578,-635.74,611.82,762.70,23.83,-34.56,4.46,40.20,-6.90,87.75,
5958585,-511.72,621.58,604.98,3.54,-8.99,22.89,40.20,-6.90,87.75,
5978594,-653.32,664.55,689.94,-10.81,91.50,42.17,39.60,-7.95,87.30,
5998603,-729.00,623.54,399.90,-10.24,162.95,3.04,39.15,-6.15,87.30,
6018613,-385.74,596.68,-272.46,80.32,202.26,-83.68,42.00,-5.10,83.25,
6038621,-590.33,858.89,-104.98,154.11,300.09,7.25,41.55,-5.55,82.65,
6058629,-764.16,659.18,-1404.30,235.92,493.24,-104.06,42.90,-5.25,76.80,
6078634,-897.46,622.56,261.23,146.09,500.26,51.11,41.55,-2.70,67.05,
6098640,-555.66,654.79,-1343.26,440.31,500.26,-349.07,36.60,-3.45,56.70,
6118646,-535.16,715.33,-1199.22,65.51,500.26,-189.86,30.15,-5.25,45.90,
6138656,-1322.75,704.59,-283.20,20.87,500.26,211.22,15.15,-3.90,35.25,
6158664,-1018.55,559.08,-83.50,79.07,500.26,78.53,7.35,-4.65,34.20,
6178670,-198.73,621.09,-771.00,91.92,37.92,-1.45,-5.70,-7.35,33.00,
6198674,68.85,822.75,-832.03,66.09,26.41,48.72,-5.25,-7.20,32.25,
6218685,-241.70,681.64,-852.54,127.07,-231.15,-42.85,-6.00,-10.20,34.20,
6238695,-278.81,584.96,-1041.02,123.69,-226.38,-55.18,-2.40,-13.05,32.55,
6258706,-16.11,1145.51,-616.21,51.59,-279.56,-98.89,1.20,-13.20,32.40,
6278711,-430.66,517.58,-2171.39,112.99,-191.27,-110.93,3.00,-12.90,31.95,
6298720,538.09,581.54,-624.51,206.09,47.40,-59.77,6.30,-17.10,31.80,
6318729,62.50,396.97,-403.32,135.24,301.65,79.51,3.75,-21.45,32.25,
6338733,-68.85,428.71,-752.44,105.66,197.50,92.66,-0.60,-22.65,31.50,
6358745,-609.38,263.67,-1044.43,96.18,183.59,56.08,-1.65,-25.20,32.25,
6378750,160.64,278.81,-868.16,107.22,9.01,49.21,-4.20,-25.50,32.55,
6398756,64.45,187.50,-805.66,70.35,-63.01,43.85,-5.10,-26.85,32.70,
6418766,-266.60,146.00,-874.02,21.66,-65.11,44.47,-3.15,-27.75,32.85,
6438776,41.02,274.90,-970.70,-0.99,-173.40,4.58,-2.55,-28.20,33.75,
6458786,-260.74,-64.45,-459.47,17.89,-176.98,5.98,-0.75,-28.20,33.00,
6478796,-202.15,144.04,-650.39,16.20,-68.31,-18.98,4.20,-29.55,32.25,
6498803,-294.43,363.77,-1308.11,38.89,-256.03,-1.48,3.30,-28.65,33.45,
6518811,-172.85,398.93,-1059.08,52.02,-103.83,24.81,7.05,-29.55,32.85,
6538821,-484.86,268.07,-1044.92,67.69,33.89,28.84,9.30,-28.65,34.80,
6558831,-244.14,-217.29,-1387.70,78.14,-3.85,53.25,8.10,-31.05,34.95,
6578838,-85.45,727.54,-1486.33,402.76,-279.79,151.92,10.65,-30.75,34.80,
6598844,-585.94,60.55,-569.34,257.89,-393.59,57.65,12.60,-33.90,34.95,
6618854,-597.66,-91.80,-371.09,136.52,-273.36,36.96,17.55,-39.45,40.20,
6638865,-761.72,-42.48,-591.31,11.77,-277.24,37.51,22.35,-41.40,44.55,
6658875,-753.91,-21.48,-961.91,21.13,-174.69,38.46,24.75,-41.25,45.75,
6678882,-770.51,-110.35,-939.94,52.21,7.40,90.56,27.90,-39.45,46.80,
6698889,-890.62,13.18,-548.34,92.79,96.00,57.16,28.65,-39.75,47.40,
6718894,-555.66,294.43,-689.45,-66.55,116.98,61.69,28.05,-40.65,44.85,
6738901,-1784.67,-37.60,-527.34,117.89,-81.85,-110.67,25.80,-41.25,46.05,
6758906,-91.80,180.18,-725.10,67.39,-126.20,-240.29,28.05,-40.35,48.60,
6778911,-283.20,61.04,-1429.69,151.13,-111.86,-86.05,27.30,-44.40,49.65,
6798919,-1138.67,-125.49,-735.84,203.86,-142.18,-106.20,27.15,-46.35,52.65,
6818923,-937.99,-253.91,-517.58,180.26,-166.78,-150.47,27.30,-48.75,53.85,
6838928,-763.67,-291.02,-403.81,136.40,-96.70,-128.32,25.65,-49.50,57.00,
6858933,-592.29,-313.48,-571.29,118.92,-117.85,-138.95,24.90,-53.10,61.20,
6878943,-639.65,-363.28,-807.62,136.98,-136.23,-144.92,23.40,-53.85,64.65,
6898949,-1134.77,-525.88,-405.27,167.04,5.88,-147.85,22.80,-56.40,65.70,
6918960,-711.43,-551.76,-429.20,172.64,118.18,-187.05,20.70,-57.90,68.10,
6938969,-393.07,-563.96,-265.62,161.73,159.73,-132.58,18.00,-59.10,70.05,
6958977,-533.20,-665.53,-521.48,146.15,210.23,-84.34,15.60,-59.70,71.55,
6978983,-835.94,-715.33,-553.71,164.99,401.04,-83.60,12.90,-60.00,73.95,
6998994,-243.65,-685.06,-574.71,145.74,435.48,-34.23,10.50,-61.65,73.80,
7018999,-669.92,-726.07,-733.40,176.49,472.99,2.76,11.85,-61.20,75.30,
7039008,-406.74,-706.05,-592.77,249.33,336.06,-6.99,11.55,-62.40,74.85,
7059015,-590.82,-785.16,13.67,244.15,195.94,4.90,11.40,-61.20,76.80,
7079020,-419.92,-812.01,-267.58,192.11,212.14,-12.81,11.10,-61.50,79.95,
7099024,-4.88,-778.32,-252.44,179.66,251.65,8.73,11.10,-58.95,82.95,
7119034,-15.62,-857.91,-485.84,184.95,260.90,79.28,13.20,-60.00,84.75,
7139041,-547.36,-936.04,-549.32,219.88,212.34,56.66,13.35,-58.05,85.95,
7159048,-541.02,-939.94,-112.30,205.60,169.10,45.71,16.50,-57.75,88.05,
7179055,-384.28,-896.48,-76.66,210.50,154.98,19.42,17.40,-55.35,91.05,
7199062,-625.00,-991.70,-51.76,181.45,181.19,-41.62,17.85,-54.60,92.70,
7219070,28.32,-819.82,-33.69,197.82,125.60,-37.07,18.30,-52.95,93.30,
7239080,-90.33,-960.94,-339.36,162.02,142.56,18.61,21.15,-52.95,93.90,
7259092,-151.86,-878.91,60.06,226.43,134.18,33.62,22.65,-51.90,95.70,
7279100,-159.18,-519.53,735.84,200.76,107.73,67.60,21.90,-49.65,95.25,
7299104,-577.15,-834.96,411.62,66.40,10.26,82.96,23.40,-48.00,98.25,
7319110,-537.60,-1022.46,-61.04,73.28,40.99,31.63,23.40,-46.50,99.00,
7339118,-500.49,-1060.06,40.04,63.13,26.31,38.09,26.10,-43.50,99.90,
7359128,-178.22,-1002.93,-138.18,96.38,4.66,15.80,26.40,-41.25,99.90,
7379135,20.51,-875.49,328.61,97.11,17.16,62.23,26.10,-41.25,101.25,
7399145,-210.45,-692.38,522.46,75.53,19.22,80.46,26.40,-38.70,100.50,
7419152,-483.89,-906.74,303.22,40.35,-2.64,151.42,27.30,-39.90,101.40,
7439161,-754.88,-939.94,115.23,61.16,-15.53,114.63,27.60,-36.90,101.85,
7459166,-523.44,-712.89,456.54,65.85,-11.88,100.05,28.80,-33.00,102.75,
7479173,-293.95,-771.00,270.51,75.45,-14.82,122.43,30.15,-32.70,103.50,
7499180,-71.78,-491.21,785.64,37.44,-2.69,173.25,29.10,-30.45,103.80,
7519191,-347.66,-722.17,406.25,-13.54,-24.55,202.20,31.05,-29.25,103.65,
7539201,-855.96,-898.44,125.00,19.95,-18.02,189.07,30.60,-26.40,103.80,
7559206,-583.50,-614.75,313.48,66.95,-22.92,154.32,32.70,-25.65,103.50,
7579216,-397.95,-244.14,912.60,37.74,-79.30,185.92,31.80,-21.15,105.75,
7599227,-357.42,-271.48,396.48,50.76,-130.29,229.28,30.75,-18.90,107.10,
7619233,-886.72,-398.93,642.58,18.18,-22.53,249.22,29.55,-14.70,106.65,
7639243,-946.78,-382.32,473.14,28.18,-65.36,192.79,28.65,-13.05,107.10,
7659251,-443.85,-148.44,539.55,64.85,-181.21,191.74,27.60,-13.80,107.85,
7679258,-666.02,-4.88,893.07,122.96,-253.63,266.81,24.15,-8.55,109.65,
7699267,-870.12,27.34,814.45,134.99,-200.43,213.74,20.25,-5.25,110.40,
7719274,-510.74,4.88,757.81,71.59,-50.95,190.58,17.25,-1.35,112.65,
7739282,-641.60,11.23,586.43,82.92,-29.95,183.31,15.45,1.35,112.35,
7759291,-402.34,226.07,659.67,89.37,7.02,179.77,13.35,1.80,111.30,
7779298,-583.01,225.10,805.66,91.59,-2.11,206.61,13.05,3.60,110.55,
7799303,-582.03,268.55,806.15,86.41,-44.15,215.45,10.20,5.85,110.25,
7819313,-700.20,182.62,380.37,77.13,29.16,179.31,9.15,7.95,109.20,
7839317,-387.70,382.32,546.88,112.43,30.37,192.60,7.65,8.70,106.80,
7859327,-448.24,701.17,713.38,130.56,-27.63,209.36,7.65,11.70,107.40,
7879331,-696.29,579.59,655.76,122.84,9.76,223.37,5.25,13.05,107.85,
7899341,-768.55,471.19,533.69,111.53,88.34,178.15,1.50,15.45,104.85,
7919349,-504.39,781.74,443.85,124.32,68.26,169.44,0.75,16.20,103.50,
7939354,-202.64,1095.21,666.99,139.37,-1.68,184.61,1.35,17.85,101.85,
7959363,-227.54,1098.14,107.91,183.88,-175.89,204.34,-1.20,17.25,101.40,
7979368,-747.56,741.21,-108.89,333.11,-347.21,193.19,-2.25,20.25,100.35,
7999374,-1200.68,614.26,807.62,428.20,-500.27,62.05,-12.30,23.40,91.50,
8019381,144.53,1299.32,1095.21,342.47,-435.44,-35.65,-13.05,23.70,83.55,
8039389,780.27,1474.61,606.93,205.51,-171.71,60.81,-12.30,24.45,77.70,
8059394,122.56,1269.53,-501.95,221.62,-137.57,144.02,-14.55,23.10,72.30,
8079399,-288.57,964.84,157.23,280.89,-59.97,131.53,-15.60,23.55,68.85,
8099407,-369.63,808.59,443.85,269.27,-203.56,72.81,-17.10,21.75,64.95,
8119414,-440.43,697.75,461.91,223.08,-411.40,24.87,-18.15,19.50,60.15,
8139422,446.29,1208.98,654.79,107.97,-73.83,16.60,-16.05,18.00,54.60,
8159433,-35.64,1050.29,-804.20,86.44,-5.92,101.22,-13.20,16.20,51.75,
8179437,-247.56,868.65,419.92,155.50,101.66,15.69,-15.45,14.55,52.35,
8199446,306.15,979.00,6.84,186.29,-104.96,-4.08,-14.40,13.50,49.95,
8219451,516.11,1142.58,-61.04,132.67,-52.89,43.02,-13.20,9.60,46.95,
8239460,-17.09,1011.23,-1111.82,75.76,17.82,89.27,-13.95,9.60,45.90,
8259470,-421.39,976.56,-924.80,235.02,16.79,13.54,-14.40,8.70,45.75,
8279478,137.70,980.96,249.51,227.27,-6.38,-51.63,-15.90,5.40,42.30,
8299485,519.04,922.85,-36.62,115.82,-11.91,-16.12,-14.25,2.25,40.35,
8319494,392.09,885.74,-741.21,92.20,-4.55,36.20,-14.55,1.50,39.30,
8339504,76.17,804.20,-902.34,114.87,54.90,90.12,-14.10,-1.80,39.15,
8359511,-280.76,718.26,-371.09,147.65,82.20,55.57,-15.15,-2.55,38.40,
8379516,192.87,747.07,-540.53,74.26,79.01,13.04,-17.40,-5.25,38.55,
8399521,853.03,896.00,-856.45,108.90,59.92,31.59,-17.10,-7.80,39.60,
8419532,64.45,570.80,-600.10,94.37,78.87,125.28,-19.05,-6.45,37.80,
8439541,-1662.60,43.46,-437.01,4.85,242.58,-1.88,-20.25,-8.55,38.55,
8459547,1540.04,943.36,-1022.46,193.04,-28.53,-112.99,-22.20,-10.20,40.80,
8479554,998.05,734.38,-639.65,39.74,121.82,91.54,-21.90,-13.50,41.25,
8499561,288.57,706.54,-753.42,62.02,97.24,163.40,-21.90,-13.50,41.55,
8519565,-104.49,658.69,-633.79,65.92,122.15,108.58,-24.00,-15.60,41.85,
8539570,247.56,556.64,-215.33,22.08,67.60,65.18,-24.75,-16.80,42.90,
8559580,702.15,724.12,-268.55,23.98,109.66,-16.03,-26.25,-18.45,42.00,
8579587,859.86,641.11,-738.28,14.17,77.47,97.19,-28.05,-17.70,43.50,
8599597,22.46,393.07,-493.16,29.01,16.06,32.99,-26.70,-19.50,45.15,
8619604,647.95,464.36,-1176.76,29.34,-12.67,23.80,-29.10,-20.55,45.90,
8639610,395.02,358.89,-532.71,103.44,-62.03,10.63,-27.90,-21.90,46.80,
8659614,1008.30,485.35,-487.79,5.74,-22.27,26.17,-28.80,-21.30,45.60,
8679619,636.72,338.38,-792.97,-2.84,33.02,72.78,-27.15,-23.70,45.30,
8699630,66.89,204.10,-1149.41,31.85,8.20,107.77,-27.90,-23.70,45.00,
8719641,568.85,429.20,-1230.96,95.82,-10.02,10.00,-27.75,-24.30,44.55,
8739648,521.48,375.49,-821.29,111.85,-79.44,9.27,-26.10,-25.20,45.30,
8759656,545.41,316.89,-828.61,121.77,-72.41,10.15,-26.85,-27.00,45.30,
8779661,891.60,365.72,-964.36,142.92,-95.33,-10.90,-25.65,-29.40,43.50,
8799665,957.52,349.12,-1486.82,174.55,-208.66,93.47,-24.00,-28.80,45.30,
8819673,-13.67,131.35,-759.77,155.25,-140.24,48.46,-22.05,-32.25,43.50,
8839683,461.43,112.30,-1139.65,202.90,-184.20,30.95,-19.35,-35.10,44.40,
8859688,-30.27,-33.20,-1166.99,203.10,-193.37,-32.37,-17.85,-38.55,43.80,
8879695,367.19,3.91,-1029.30,232.95,-213.82,-50.63,-16.50,-40.20,44.40,
8899701,334.96,-31.25,-710.94,184.43,-135.92,-9.47,-15.00,-41.85,44.55,
8919708,403.32,-129.88,-783.69,145.98,23.65,20.64,-15.00,-42.45,44.85,
8939720,38.09,-234.38,-944.34,107.13,30.23,13.22,-13.35,-45.30,47.10,
8959725,64.94,-116.70,-912.11,100.20,-4.93,24.35,-15.00,-46.50,48.00,
8979733,205.08,-263.67,-809.57,78.82,-56.09,13.40,-14.55,-47.25,48.60,
8999739,48.83,-283.69,-681.15,80.11,-136.69,16.70,-13.05,-48.90,48.90,
9019745,200.68,-347.66,-1047.36,98.89,-113.15,12.60,-13.05,-49.65,48.90,
9039754,160.64,-352.54,-971.19,80.56,-2.47,9.76,-9.45,-51.15,50.55,
9059764,-31.25,-479.00,-1162.11,99.66,31.33,19.97,-10.95,-49.95,51.30,
9079773,216.31,-456.05,-1185.55,178.06,-41.22,14.09,-11.40,-53.10,52.50,
9099784,62.50,-435.06,-692.87,198.06,-44.99,36.18,-10.20,-54.00,53.70,
9119793,46.39,-521.00,-666.50,163.59,-47.95,45.91,-10.65,-55.35,55.95,
9139803,-118.16,-654.79,-645.02,153.08,-87.27,47.25,-9.30,-55.65,56.70,
9159811,-149.41,-650.88,-1032.23,159.89,-8.08,24.17,-8.10,-58.50,60.00,
9179816,-8.30,-567.38,-692.87,150.03,-38.66,-23.57,-8.40,-58.50,61.65,
9199826,5.86,-786.13,-810.06,153.79,7.39,-17.37,-8.25,-59.70,64.95,
9219832,-1.95,-795.90,-794.43,205.22,35.79,-9.73,-7.95,-60.00,65.25,
9239842,48.83,-965.33,-348.63,214.40,33.56,14.84,-7.35,-59.10,68.25,
9259849,-6.35,-1235.35,-376.46,165.33,149.74,44.37,-8.25,-61.20,73.35,
9279854,43.95,-144.53,-1145.02,220.70,175.02,71.13,-7.20,-59.70,73.65,
9299858,-122.07,-741.21,-746.58,207.05,156.67,18.26,-4.50,-60.30,78.30,
9319862,421.39,-817.38,-838.38,221.91,389.45,118.14,-5.55,-63.15,83.25,
9339869,-290.04,-912.11,-342.29,268.61,295.53,108.69,-2.40,-60.60,86.25,
9359877,-207.03,-903.32,-278.81,257.98,198.12,68.37,0.15,-60.45,88.20,
9379884,-240.72,-916.50,19.04,232.50,107.22,29.63,1.65,-55.80,93.30,
9399894,-423.83,-732.42,-196.78,336.03,86.90,-102.53,3.75,-54.75,96.00,
9419899,58.11,-794.92,340.33,177.98,147.91,-27.80,2.10,-52.95,100.80,
9439910,-149.41,-620.12,246.58,207.45,144.11,-65.94,4.95,-50.40,102.60,
9459917,-583.01,-1072.27,305.18,92.82,21.85,-55.50,3.60,-48.00,103.80,
9479926,-33.69,-955.08,345.70,121.85,-58.32,-197.68,2.55,-45.75,106.20,
9499933,294.43,-814.94,416.02,294.61,47.77,-160.44,0.30,-44.85,107.40,
9519941,428.22,-884.77,377.93,258.90,-130.24,-75.24,-0.60,-42.75,110.25,
9539950,324.71,-843.26,153.81,234.66,-17.80,-22.03,-2.25,-39.30,111.15,
9559960,155.27,-820.31,161.13,312.81,61.33,-27.76,-2.70,-34.65,111.90,
9579965,27.34,-615.23,721.68,299.88,199.95,-31.07,-3.15,-33.15,113.40,
9599973,-26.86,-511.72,688.96,241.08,276.61,-39.15,0.60,-26.25,116.10,
9619982,-81.54,-523.93,622.56,275.51,250.35,-6.98,3.45,-23.40,116.85,
9639991,106.93,-432.13,229.00,323.33,252.18,-31.79,7.35,-19.35,116.85,
9659996,126.46,-174.32,182.62,388.55,385.69,68.17,12.45,-13.20,115.20,
9680004,-234.86,257.32,403.32,459.98,500.26,196.87,14.40,-10.50,114.00,
9700013,-700.68,460.45,160.64,500.26,500.26,239.71,22.05,-0.45,107.25,
9720020,-1267.58,284.18,2018.07,428.18,155.68,288.26,28.35,6.00,99.00,
9740029,-1187.01,540.04,1550.78,211.08,-157.88,11.05,27.00,11.85,92.40,
9760038,-1284.18,823.24,1177.73,305.13,27.16,64.52,26.70,13.65,91.05,
9780042,-646.48,719.24,625.49,373.42,13.11,22.52,26.70,16.20,86.85,
9800052,-707.52,725.10,1759.77,309.97,-34.87,49.60,25.05,17.85,83.55,
9820057,-681.15,466.80,1551.76,180.32,-25.54,-3.13,26.40,18.90,79.05,
9840067,-294.92,529.79,378.91,120.61,54.08,49.88,24.75,17.85,77.25,
9860077,-462.89,703.12,-506.35,200.34,108.44,51.76,24.45,19.05,73.95,
9880084,-475.10,914.06,-395.51,303.21,124.18,78.26,24.00,20.40,71.40,
9900092,-714.36,1110.35,392.58,389.71,242.31,107.45,24.45,20.25,70.20,
9920103,-1252.44,1144.04,1947.27,281.22,241.25,85.74,19.95,19.05,61.20,
9940113,-469.73,669.43,348.14,114.53,284.18,19.92,19.80,17.85,56.10,
9960123,184.08,627.93,-1150.39,147.31,214.93,60.90,16.50,16.35,54.00,
9980130,89.84,953.12,-960.94,264.55,143.36,166.73,14.55,15.45,50.40,
10000139,-1097.66,1112.79,457.03,263.62,106.79,175.21,9.90,14.85,47.40,
10020148,-1159.67,1028.32,388.18,159.34,72.31,67.63,9.90,12.75,46.05,
10040154,-183.59,876.46,-485.35,119.86,127.40,26.81,5.10,9.30,42.00,
10060162,202.64,721.68,-970.21,165.21,167.91,88.34,4.20,6.45,40.50,
10080169,-21.97,984.38,-819.82,229.05,158.49,168.35,0.45,5.25,39.00,
10100175,-998.54,1015.14,-374.51,203.79,97.76,135.11,-1.20,2.25,37.50,
10120182,-1206.05,866.70,-285.64,181.40,-15.74,-31.22,-1.65,0.60,35.70,
10140193,875.98,746.09,-1208.01,183.01,19.22,-21.92,-2.10,-3.90,35.25,
10160203,-219.73,819.82,-430.18,221.80,110.37,105.13,-1.80,-6.30,34.50,
10180213,-800.78,861.33,-69.34,162.17,70.87,70.38,-2.55,-7.35,33.00,
10200223,-228.03,610.84,-1007.32,117.19,-16.21,-41.73,-5.10,-12.15,33.75,
10220232,-143.07,571.29,-829.10,136.09,8.81,-13.69,-6.00,-13.50,32.85,
10240243,-5.37,503.91,-861.33,135.28,-0.82,-7.37,-5.40,-16.20,33.00,
10260250,240.23,452.64,-1186.04,135.76,34.18,24.95,-5.55,-17.10,32.55,
10280255,-218.75,396.48,-814.94,135.08,72.95,42.58,-6.00,-19.65,34.95,
10300266,-288.09,347.17,-810.55,117.83,77.51,25.94,-8.40,-21.45,33.60,
10320271,704.10,263.18,-1573.24,159.01,-62.37,-7.45,-7.35,-25.20,34.20,
10340277,-334.96,164.55,-429.69,144.38,32.21,2.96,-7.35,-25.95,34.65,
10360287,-74.22,211.91,-1129.88,77.63,-49.80,-24.56,-5.70,-26.85,33.75,
10380293,-286.13,239.26,-1072.27,63.47,-74.82,-13.56,-6.45,-27.90,34.50,
10400300,-319.82,219.73,-1038.09,55.91,-59.45,-39.24,-6.30,-29.55,34.95,
10420310,-32.71,225.10,-699.71,52.72,-69.47,-61.11,-3.45,-29.55,34.20,
10440316,-56.15,122.56,-883.30,44.96,-60.08,-40.41,-2.25,-30.45,34.50,
10460325,-715.82,205.57,-1135.74,28.69,-240.87,-32.90,-3.45,-32.40,34.65,
10480330,-621.58,151.37,-1087.40,-5.82,-303.91,-124.90,0.15,-32.70,34.80,
10500340,-325.68,112.30,-591.31,-43.54,-371.50,-136.95,2.10,-32.40,33.90,
10520349,77.64,191.89,-1005.37,-102.67,-359.85,-60.64,7.95,-31.95,35.55,
10540357,-1405.27,54.69,-1874.51,5.31,-128.46,-47.94,12.15,-29.70,35.55,
10560368,-744.63,333.98,-676.27,127.02,112.66,-157.45,14.10,-32.10,38.85,
10580375,-407.71,37.11,-1239.26,102.29,265.66,-153.47,12.00,-32.85,36.30,
10600383,-964.84,215.33,-498.05,213.44,319.39,-118.27,8.10,-34.35,37.05,
10620388,-365.72,65.43,-776.86,198.58,461.13,-51.97,6.45,-36.60,38.25,
10640397,-121.58,-252.93,-774.41,177.56,136.47,58.47,-3.00,-39.60,39.60,
10660402,-578.61,-360.35,-808.59,138.34,-31.36,48.17,-4.65,-43.95,41.40,
10680410,-524.90,-329.10,-929.69,81.79,-33.44,-36.81,-4.35,-46.20,41.10,
10700417,-414.55,-302.25,-1063.48,78.21,32.31,-78.11,-2.55,-45.15,42.45,
10720426,-39.06,-370.12,-942.87,111.21,92.72,-71.28,-3.15,-47.10,43.95,
10740432,-35.64,-382.81,-799.32,127.10,85.47,-24.05,-7.05,-46.80,45.00,
10760437,-253.91,-518.07,-679.69,154.43,90.66,-16.96,-7.50,-49.80,46.20,
10780447,-376.95,-550.78,-1081.54,142.46,127.86,-62.08,-8.10,-49.65,48.90,
10800457,-143.55,-383.30,-940.92,213.65,231.21,-129.82,-10.20,-50.40,50.85,
10820461,114.26,-461.91,-305.66,188.61,78.15,-94.35,-14.10,-51.45,54.45,
10840471,-117.19,-815.92,-795.90,131.86,3.65,-44.79,-14.25,-53.10,54.90,
10860480,-295.41,-705.57,-871.58,193.80,-18.89,-119.11,-15.90,-52.95,58.50,
10880489,15.62,-658.69,-722.66,186.26,-78.76,-126.87,-17.10,-54.15,60.75,
10900493,178.71,-691.41,-884.28,247.15,-42.02,-136.64,-17.40,-53.55,62.55,
10920500,66.89,-597.17,-615.72,296.81,-5.36,-125.48,-19.20,-53.55,64.20,
10940510,402.83,-652.34,-2.93,232.23,14.21,-98.09,-22.05,-53.85,66.75,
10960515,299.80,-753.91,-274.90,183.82,-13.24,-71.85,-22.35,-52.35,71.55,
10980521,126.95,-854.98,-160.64,143.80,-62.66,-66.60,-24.30,-51.45,73.80,
11000532,391.60,-816.89,-286.13,144.64,-63.10,-68.56,-23.70,-51.45,74.55,
11020537,60.55,-1027.83,-330.57,135.07,44.89,-70.67,-25.35,-51.90,76.20,
11040548,-141.11,-1202.64,-229.00,124.58,161.66,-117.21,-26.40,-50.40,77.70,
11060557,465.82,-916.02,-274.90,158.53,147.74,-106.20,-26.10,-49.65,78.60,
11080563,-216.80,-949.71,-1117.68,375.28,17.39,-141.71,-26.85,-46.80,83.85,
11100570,-486.82,-1417.48,1098.14,365.57,-500.27,-348.82,-27.60,-44.85,86.25,
11120580,-294.43,-834.96,-2691.89,408.76,-500.27,-495.74,-34.20,-37.95,82.20,
11140585,1626.46,94.24,639.16,308.23,-500.27,-500.27,-37.05,-31.05,67.50,
11160593,1870.12,-293.95,161.13,-27.85,-53.25,-194.70,-37.50,-28.05,63.45,
11180603,696.29,-537.60,-1153.32,23.66,20.43,-33.76,-38.10,-24.75,60.30,
11200611,762.21,-353.03,-596.19,225.94,0.53,-54.15,-36.75,-22.95,58.95,
11220620,810.06,-326.17,257.32,204.90,-1.19,-42.96,-37.80,-23.70,60.30,
11240625,648.93,-453.61,312.50,133.39,-113.63,-76.46,-36.15,-23.55,61.20,
11260631,689.94,-369.63,-118.16,135.51,-238.02,-137.45,-37.80,-24.00,60.30,
11280636,991.21,-338.87,-432.13,125.39,-222.70,-154.87,-37.20,-22.80,59.10,
11300642,938.48,-379.88,-23.44,147.57,-59.77,-65.79,-34.05,-22.05,54.60,
11320651,751.95,-503.91,-147.95,158.81,-91.68,-75.36,-33.30,-19.50,52.20,
11340659,1114.75,-432.13,-455.57,199.82,-199.11,-88.12,-33.30,-19.50,52.20,
11360667,1251.46,-517.58,-354.98,238.47,-107.31,-24.20,-31.65,-24.30,50.40,
11380677,724.12,-455.08,-204.10,228.00,108.27,26.40,-32.25,-22.35,49.65,
11400682,35.64,-191.89,-453.61,200.93,187.22,-16.50,-31.20,-26.10,50.70,
11420689,563.48,-354.98,51.76,300.93,42.50,-82.29,-33.30,-29.40,53.55,
11440693,649.41,-406.25,230.96,221.73,2.64,-119.51,-34.20,-31.05,56.40,
11460704,665.53,-448.24,-191.41,288.40,-69.54,-155.95,-34.50,-29.70,57.30,
11480714,416.02,-15.14,874.51,329.91,-54.43,-42.00,-33.75,-29.70,57.75,
11500723,833.01,-171.39,-104.00,310.44,-0.53,-118.43,-34.95,-29.85,58.95,
11520732,915.04,108.40,-172.36,381.97,-44.66,-146.52,-34.50,-32.25,62.25,
11540739,611.82,-46.88,-29.30,446.49,-142.31,-148.41,-35.85,-30.75,61.50,
11560747,705.57,208.01,633.30,428.50,-206.64,-253.94,-35.10,-30.75,61.50,
11580757,1381.35,250.98,714.36,320.20,61.88,-165.50,-36.00,-29.85,61.65,
11600765,1108.89,208.50,554.20,312.61,23.37,-101.22,-37.65,-29.70,64.20,
11620771,1593.75,318.36,430.18,263.88,-97.91,-84.21,-36.75,-28.05,64.50,
11640780,1232.42,161.13,-308.59,230.46,-78.61,31.10,-38.85,-28.50,65.10,
11660786,367.68,55.66,159.18,301.34,-124.72,-4.09,-37.05,-29.55,65.85,
11680791,835.45,121.09,567.87,226.70,-181.44,-97.42,-36.45,-29.55,63.75,
11700797,1263.18,252.44,-20.02,158.06,-146.64,-81.63,-36.60,-31.50,62.85,
11720808,866.21,382.81,-452.64,98.58,-42.98,-86.82,-37.05,-30.30,61.65,
11740819,1328.61,396.00,-369.14,270.43,-176.64,-82.50,-37.65,-29.70,60.75,
11760828,937.01,265.14,449.71,233.80,-126.11,7.83,-36.90,-30.15,60.75,
11780838,753.91,83.50,334.47,107.05,27.97,-21.65,-34.80,-30.75,60.15,
11800847,1124.51,250.98,-1004.88,52.82,1.82,-32.03,-35.10,-30.75,59.40,
11820856,1212.40,262.70,-150.39,132.03,-67.33,-5.01,-35.55,-31.95,60.45,
11840866,1202.15,315.43,-383.30,109.42,-65.82,52.90,-34.95,-31.05,61.65,
11860876,560.55,122.07,-538.09,141.24,-65.95,53.97,-36.00,-31.80,60.30,
11880886,1261.23,296.39,-93.75,94.70,-82.87,80.05,-34.65,-34.35,60.60,
11900897,903.81,196.29,-422.36,100.35,-14.69,87.42,-33.90,-35.70,59.25,
11920903,726.56,506.35,-537.11,142.92,-22.17,-14.17,-32.85,-37.20,60.00,
11940910,886.23,-171.39,-419.92,205.66,-61.80,-37.33,-32.55,-36.45,58.95,
11960916,674.32,-29.30,-484.38,244.84,-166.67,-72.82,-33.00,-38.55,60.45,
11980921,935.55,255.37,-419.92,250.46,-165.98,-114.29,-32.55,-38.70,61.95,
12000926,1236.33,-15.62,-1011.23,231.77,-192.14,-87.11,-32.25,-38.55,60.75,
12020931,1101.07,0.49,-373.54,193.56,73.05,8.56,-31.80,-39.75,62.70,
12040941,804.20,-11.72,-719.73,164.81,37.25,38.53,-32.55,-40.50,63.45,
12060949,821.78,-39.06,-521.97,177.22,-10.98,-2.31,-30.90,-41.85,64.20,
12080956,723.63,-234.86,-880.86,257.40,-37.28,-8.03,-32.55,-42.00,65.55,
12100965,588.38,-583.98,-1138.67,393.40,-170.60,-100.82,-33.15,-43.50,67.20,
12120974,809.57,-79.59,-1435.55,500.26,133.57,-202.24,-32.55,-42.30,69.60,
12140979,912.60,657.23,-444.82,500.26,449.01,-32.67,-33.90,-42.30,77.25,
12160986,-250.00,-465.33,2777.83,500.26,-145.39,15.24,-33.90,-40.50,88.35,
12180993,813.96,-362.30,341.80,28.75,-160.56,-119.40,-34.05,-35.55,88.50,
12201001,1015.62,-457.52,-849.61,48.64,-28.99,-116.56,-34.80,-34.05,86.10,
12221007,1103.52,-318.36,-237.79,120.90,-41.44,-99.62,-35.70,-32.10,87.30,
12241017,1179.20,-170.90,-331.54,73.60,14.49,-73.92,-36.15,-29.70,86.85,
12261025,726.56,-161.62,-549.80,149.45,113.30,-121.45,-36.75,-28.05,89.40,
12281029,1170.41,-606.93,1313.96,299.62,163.34,75.36,-37.95,-26.85,89.55,
12301040,1260.74,-326.66,-847.66,68.49,8.23,59.19,-35.85,-24.90,92.70,
12321045,844.24,-353.52,-746.58,146.27,62.55,21.63,-35.70,-27.00,92.55,
12341054,1244.14,-258.79,-201.17,228.63,104.76,37.59,-33.75,-26.10,95.55,
12361062,1310.55,-143.55,28.81,189.47,210.31,54.55,-32.25,-24.60,97.50,
12381071,250.98,-207.52,552.73,154.92,122.38,33.11,-33.60,-23.40,102.30,
12401079,479.00,-212.40,155.27,137.24,100.87,-13.92,-29.55,-21.30,102.45,
12421085,791.99,-229.49,-262.70,221.53,197.02,-5.69,-30.75,-22.20,101.55,
12441092,283.20,-128.91,-246.09,395.05,464.41,-137.97,-27.75,-18.45,104.85,
12461103,1284.67,190.92,2599.12,259.92,177.24,-10.63,-23.70,-12.00,108.90,
12481112,1145.51,-381.35,461.91,-28.38,62.61,32.14,-20.40,-9.00,111.60,
12501120,1111.33,-276.37,471.68,30.05,-173.63,105.04,-21.00,-9.60,111.45,
12521130,1152.83,-107.42,359.38,43.62,-169.77,176.44,-21.15,-9.75,111.60,
12541135,457.52,-104.98,533.20,63.63,-254.99,212.55,-24.75,-10.20,109.20,
12561143,711.91,-317.38,-248.05,122.93,-435.77,155.51,-27.60,-12.00,105.00,
12581153,1149.90,-483.89,-824.71,304.14,-429.27,160.00,-31.65,-13.65,101.10,
12601161,1133.30,-205.08,-95.70,444.72,-258.61,193.31,-34.65,-12.30,94.95,
12621171,856.45,74.22,922.36,398.96,-320.73,219.42,-37.05,-12.75,91.80,
12641180,1161.62,63.96,638.18,254.75,-388.37,207.65,-38.55,-13.05,88.80,
12661188,691.89,-505.37,234.86,310.50,-257.54,201.33,-41.55,-15.90,82.35,
12681192,514.65,-684.08,267.58,222.31,-61.77,130.27,-39.15,-18.15,77.70,
12701202,888.18,-766.11,10.25,179.48,35.60,99.45,-40.65,-21.15,76.65,
12721207,541.02,-891.11,-217.29,207.28,44.76,91.34,-39.60,-22.20,75.60,
12741215,797.36,-650.39,190.43,214.09,115.60,65.31,-39.75,-23.85,76.80,
12761224,1158.20,-485.84,65.43,190.58,158.52,47.25,-39.75,-25.65,78.45,
12781233,672.85,-544.92,461.91,163.44,164.66,49.63,-39.15,-24.75,81.45,
12801238,804.69,-551.76,680.18,120.56,166.98,56.90,-38.55,-24.45,84.60,
12821244,557.62,-789.55,310.06,97.47,79.94,117.73,-37.65,-27.15,89.55,
12841254,160.16,-674.32,488.77,116.79,64.72,93.62,-36.60,-28.65,90.00,
12861261,-62.50,-490.23,665.04,88.79,2.58,55.88,-35.55,-29.40,90.30,
12881268,787.11,-641.60,655.76,126.49,-14.99,17.22,-36.60,-28.65,91.35,
12901276,646.48,-710.45,725.59,136.99,-102.61,69.56,-36.45,-26.25,91.20,
12921281,906.25,-488.77,165.53,61.16,-19.01,37.65,-35.10,-30.15,91.35,
12941288,580.08,-533.69,731.93,96.99,-68.17,86.37,-35.70,-28.05,88.80,
12961296,281.25,-633.79,607.91,104.31,-61.63,80.40,-36.75,-28.80,91.50,
12981303,564.45,-471.68,855.47,106.20,-54.31,80.18,-36.60,-28.65,90.60,
13001308,467.77,-444.34,911.13,68.14,-5.94,78.87,-35.85,-30.15,90.00,
13021313,180.66,-505.86,922.36,40.90,-24.44,86.53,-35.25,-31.35,91.50,
13041320,380.86,-425.78,795.41,42.99,-130.29,44.85,-35.10,-31.20,90.60,
13061326,435.06,-502.44,734.38,20.93,-91.37,60.00,-36.60,-32.70,90.00,
13081336,602.05,-402.83,840.33,-7.37,-88.93,80.93,-35.70,-32.40,87.75,
13101345,944.82,-499.51,618.65,-68.06,-150.84,204.14,-35.10,-34.50,86.10,
13121355,501.95,-663.57,367.68,-20.11,-93.77,88.99,-34.05,-36.30,85.80,
13141360,859.86,-822.27,329.59,58.89,-86.93,66.34,-34.50,-39.60,81.90,
13161369,477.54,-588.38,519.04,55.63,-58.58,27.89,-33.60,-39.45,81.15,
13181376,278.32,-686.52,729.49,39.79,-26.75,7.10,-33.90,-39.45,80.40,
13201383,542.97,-677.73,514.65,43.04,-81.62,-5.48,-32.70,-37.05,81.30,
13221393,538.09,-699.71,523.93,93.15,-59.60,-7.65,-34.80,-38.85,80.25,
13241403,516.60,-426.27,919.43,75.54,-91.34,-2.96,-34.05,-38.55,79.95,
13261411,428.71,-463.38,687.01,65.39,-113.82,-10.03,-35.25,-37.95,79.35,
13281419,622.07,-516.60,661.62,36.58,-39.11,-30.20,-36.15,-38.10,78.45,
13301427,675.78,-460.45,556.64,23.45,35.36,-47.71,-36.15,-37.05,78.15,
13321432,553.22,-589.36,645.51,18.90,114.79,-40.82,-36.15,-37.35,78.45,
13341443,517.09,-472.17,641.11,33.30,131.95,-61.34,-35.10,-36.30,79.20,
13361452,714.84,-396.00,278.81,73.62,46.09,-76.03,-34.95,-37.20,82.50,
13381461,521.48,-434.57,784.18,88.18,52.12,-61.01,-36.60,-34.80,82.95,
13401469,524.41,-414.55,626.46,82.20,58.95,-97.76,-35.10,-33.00,85.05,
13421476,566.89,-358.89,575.68,109.31,62.11,-136.70,-35.25,-31.80,85.95,
13441483,344.73,-234.38,885.25,127.57,165.69,-171.22,-37.50,-30.30,87.00,
13461488,284.67,-217.77,898.93,113.68,-29.83,-236.87,-35.85,-26.85,89.25,
13481492,1273.93,-21.48,629.88,50.23,1.10,-145.33,-35.70,-22.20,89.40,
13501503,181.64,-275.39,873.54,67.34,162.92,-79.83,-38.85,-20.10,91.50,
13521508,654.30,100.10,849.61,22.43,167.60,-177.33,-37.20,-18.45,92.40,
13541515,859.86,34.18,880.37,15.08,109.44,-104.79,-34.95,-16.35,93.30,
13561526,448.73,-39.06,1271.97,61.59,134.58,-59.63,-36.60,-15.45,94.80,
13581531,597.17,107.42,1086.91,42.44,102.29,-35.16,-34.20,-13.50,98.40,
13601540,53.22,97.66,1040.04,-5.47,345.82,-77.28,-33.00,-12.90,100.05,
13621544,-305.18,-84.96,633.30,-46.52,289.66,-99.97,-29.25,-11.70,104.70,
13641554,-52.73,105.47,1059.57,-25.28,245.11,-184.53,-26.70,-10.65,107.25,
13661560,709.96,180.18,819.82,50.27,151.95,-101.34,-25.05,-10.20,107.40,
13681567,363.77,66.89,879.88,23.66,-41.02,5.97,-23.25,-7.95,109.50,
13701574,-35.64,339.36,1501.95,20.64,316.53,-15.62,-20.85,-7.65,110.25,
13721579,-209.47,-54.69,2190.43,1.66,-500.27,200.92,-17.85,-7.35,112.50,
13741583,34.18,191.89,481.93,1.30,305.97,118.58,-22.05,-7.80,108.30,
13761592,-316.89,-58.59,193.85,69.83,131.57,53.16,-21.75,-8.55,110.40,
13781597,-80.57,142.58,793.46,221.31,-43.27,1.08,-20.40,-10.50,110.25,
13801603,406.25,523.44,1545.90,155.21,151.22,9.31,-19.80,-7.65,109.50,
13821614,-92.29,-129.39,2474.12,-104.50,21.92,123.83,-18.90,-4.50,110.70,
13841620,-640.14,-182.62,-1054.20,-136.92,10.08,44.98,-18.30,-7.20,112.65,
13861627,175.78,45.41,418.46,211.54,-62.61,-25.59,-18.30,-8.70,111.90,
13881633,136.72,285.64,1670.90,172.27,-170.40,16.96,-17.10,-6.30,111.45,
13901642,-249.02,96.19,1365.72,-30.08,-14.70,15.42,-21.00,-4.50,110.10,
13921652,-154.79,68.85,774.41,-4.46,-92.32,-38.08,-21.90,-4.65,109.20,
13941661,276.86,417.97,816.89,67.82,-186.00,-37.13,-22.35,-3.45,107.70,
13961669,331.05,92.29,1037.11,197.71,-210.15,50.92,-25.65,-1.95,106.95,
13981678,76.66,332.03,903.81,175.08,-316.98,34.79,-26.10,-0.60,103.95,
14001684,416.02,217.77,1018.07,123.48,-154.20,42.20,-27.90,-1.80,100.50,
14021694,390.62,553.71,195.80,100.37,-25.30,8.75,-29.70,0.60,96.75,
14041700,458.98,470.21,16.60,186.87,74.12,4.90,-31.95,1.20,94.80,
14061704,278.32,646.00,924.32,252.63,37.86,21.36,-31.05,2.10,95.70,
14081710,235.84,733.89,1690.92,142.26,95.92,7.02,-30.90,2.70,93.75,
14101715,135.25,725.10,736.82,-17.59,336.44,-63.66,-30.75,3.90,94.35,
14121722,665.04,794.43,-84.47,59.83,343.66,-114.06,-27.30,5.25,96.90,
14141729,636.72,654.79,399.90,285.16,36.31,62.37,-23.85,4.80,100.05,
14161735,-246.58,553.22,535.16,358.15,-139.62,88.05,-24.45,8.10,99.00,
14181739,-370.12,745.61,922.85,311.69,-73.27,-31.40,-27.90,11.70,92.25,
14201744,170.41,783.20,884.28,191.57,41.47,-112.49,-28.20,14.25,89.40,
14221753,81.05,775.88,318.85,197.02,-34.66,-102.49,-25.05,16.35,87.30,
14241762,-409.67,740.72,69.34,270.20,-136.00,-137.92,-24.30,16.35,83.85,
14261772,-695.31,764.16,1.46,353.97,-227.51,-330.90,-23.25,19.35,82.80,
14281783,1691.41,1729.49,311.52,393.25,-393.30,-243.68,-16.95,22.95,72.45,
14301789,633.30,1237.79,63.96,445.13,-447.40,74.72,-15.15,22.95,64.05,
14321793,-433.59,759.77,666.02,249.39,-453.44,24.61,-13.80,19.35,56.85,
14341805,-378.42,919.92,961.43,98.37,-199.92,-73.94,-10.05,18.45,51.15,
14361816,125.49,1146.48,373.54,-48.69,10.26,-88.03,-9.45,17.85,51.30,
14381822,170.90,1102.54,-508.79,-61.40,-10.92,-27.04,-7.65,17.85,51.30,
14401832,-247.07,981.93,-585.45,14.79,-82.17,12.76,-6.60,17.55,51.90,
14421839,-250.98,994.63,-260.25,118.17,-161.21,-4.93,-6.00,18.60,51.60,
14441846,-299.32,1012.70,5.37,61.19,-216.85,0.02,-4.50,19.35,48.45,
14461852,-408.69,1296.39,-573.73,53.56,5.95,-125.68,-3.30,16.95,49.65,
14481858,98.14,990.72,-622.56,185.16,14.27,-72.79,-2.25,15.90,46.95,
14501866,-487.30,988.28,-24.90,119.18,-36.84,-51.31,-0.45,13.65,45.15,
14521873,-368.16,865.23,-383.30,80.95,-50.02,-72.67,-0.15,12.90,43.80,
14541877,-178.22,1106.45,-333.98,112.49,-107.57,-90.75,0.60,10.50,43.35,
14561887,268.07,1102.05,-226.07,128.23,-218.53,-43.82,3.60,11.85,41.10,
14581895,248.54,1005.86,-419.43,135.33,-169.45,75.08,5.70,9.30,41.70,
14601906,-474.61,993.65,-123.05,70.93,-196.89,112.69,8.70,7.65,41.25,
14621915,-541.02,878.42,-393.07,18.24,-36.46,52.50,10.05,7.35,40.65,
14641925,-166.50,878.42,-450.20,20.82,-20.14,9.60,9.90,6.90,41.25,
14661936,-209.96,720.70,-1589.36,67.92,89.30,75.62,8.55,6.00,39.00,
14681944,-267.09,857.91,-939.94,242.81,65.30,40.47,8.10,3.60,38.10,
14701952,-255.86,1100.59,-349.61,209.22,-39.15,93.05,6.60,5.10,37.35,
14721960,-488.77,832.52,-571.78,164.87,76.61,27.02,6.60,0.00,36.00,
14741965,-96.68,904.79,-560.55,186.89,-15.89,-24.35,4.35,-3.00,34.80,
14761973,-10.25,662.60,-544.92,158.56,-53.69,7.79,5.55,-6.15,34.20,
14781983,-247.56,665.04,-912.60,177.79,29.01,15.36,5.10,-7.80,31.95,
14801992,-288.09,595.70,-902.83,186.37,-33.27,20.98,5.70,-9.60,33.00,
14821997,-445.31,603.03,-1251.46,252.82,-23.63,-55.22,6.60,-11.25,32.25,
14842006,-149.41,538.57,-908.69,311.91,-111.33,-60.76,6.90,-16.95,33.75,
14862015,-148.93,517.58,-799.80,284.21,-87.79,-28.70,8.10,-23.40,33.30,
14882022,-287.60,418.95,-670.41,226.92,-82.05,-38.76,9.60,-26.40,32.70,
14902029,-79.10,262.21,-694.82,127.18,23.54,-21.74,9.00,-31.50,34.80,
14922038,-242.68,254.39,-1155.76,88.93,107.42,10.72,8.70,-32.10,33.90,
14942045,-150.88,144.53,-1010.74,135.53,90.99,51.50,7.65,-33.60,36.00,
14962051,-362.79,103.03,-934.08,147.11,139.36,71.16,6.90,-36.30,34.50,
14982060,-341.80,103.03,-1201.66,157.36,127.94,40.41,5.70,-37.05,34.80,
15002070,-227.54,-36.13,-1106.45,187.76,84.76,28.46,3.75,-39.45,37.80,
15022079,-92.77,64.45,-533.20,149.73,42.14,47.34,2.25,-41.85,39.00,
15042085,-47.36,-41.02,-843.26,47.56,134.09,38.32,1.05,-44.10,39.45,
15062091,137.21,-97.17,-1062.50,16.78,167.19,76.53,2.70,-44.55,40.20,
15082098,235.84,-47.36,-1375.49,82.35,190.99,134.66,0.15,-45.75,41.40,
15102104,157.71,4.39,-1259.28,228.24,80.99,184.38,-1.35,-46.05,41.25,
15122110,-618.65,-168.95,-863.77,258.93,34.78,129.98,-0.30,-49.95,44.40,
15142119,-39.55,-479.49,-1271.97,312.11,-142.27,6.27,0.45,-50.25,45.60,
15162124,-232.91,-483.89,-236.82,283.44,-249.86,-48.76,2.40,-56.25,49.95,
15182131,141.60,-463.87,-443.85,95.73,-147.57,17.83,2.70,-57.30,54.75,
15202137,-111.82,-556.64,-1263.67,85.63,-140.55,25.65,5.55,-58.80,55.05,
15222143,-459.47,-470.70,-846.19,141.19,-199.28,8.72,6.00,-57.75,56.40,
15242153,-346.19,-514.65,-874.51,177.07,-170.11,-100.85,6.60,-60.30,59.25,
15262158,121.58,-538.57,-553.71,94.90,-82.63,-43.37,5.70,-60.75,60.75,
15282168,-438.48,-1129.88,109.86,-147.39,90.81,-116.98,4.50,-60.30,64.50,
15302179,515.14,-646.48,-1771.00,-76.87,50.69,52.40,4.05,-59.70,60.75,
15322189,-138.67,-650.88,-1207.03,251.02,-84.37,21.11,4.35,-58.95,58.65,
15342196,-83.01,-570.31,-202.15,165.68,-16.21,28.72,4.05,-60.45,63.30,
15362206,-340.33,-563.96,-541.02,125.36,-7.39,18.06,5.25,-61.35,65.55,
15382217,-288.57,-557.62,-600.59,98.92,-0.87,-7.39,5.25,-61.65,67.20,
15402227,-514.65,-698.73,-478.52,100.43,20.93,-50.99,5.70,-61.50,69.45,
15422235,-14.65,-790.53,-588.38,50.96,31.28,-36.44,5.10,-61.95,71.25,
15442243,-177.25,-862.79,-525.39,60.06,21.77,-36.21,4.65,-62.25,71.85,
15462251,-67.38,-943.85,-537.11,54.47,-0.61,-9.04,4.20,-61.65,71.70,
15482257,-145.51,-819.82,-436.04,30.82,-7.57,1.54,5.25,-62.40,74.10,
15502263,47.36,-1033.69,-279.79,8.47,29.13,-13.05,3.30,-60.75,74.40,
15522270,-128.42,-896.00,-424.80,40.15,11.57,8.43,4.05,-63.75,74.70,
15542277,-153.81,-905.76,-721.19,-46.03,29.71,53.37,1.65,-62.10,75.15,
15562286,-378.91,-870.61,-742.68,-39.40,22.37,26.26,4.95,-61.65,72.75,
15582297,-376.46,-747.07,-824.71,42.69,-6.92,24.17,4.35,-61.50,72.60,
15602303,-352.05,-1073.24,-431.15,142.99,-38.85,-13.13,3.00,-62.25,74.40,
15622309,-304.69,-846.19,-220.70,66.08,-5.83,-0.47,4.65,-60.75,75.00,
15642313,-258.30,-871.09,-503.42,73.51,-7.94,-15.08,5.55,-61.35,77.25,
15662320,-290.04,-860.35,-234.38,101.98,-33.62,-22.99,4.95,-60.60,78.60,
15682328,-116.70,-872.56,-265.14,46.99,-12.58,-24.64,4.95,-62.85,79.65,
15702338,-131.35,-926.76,-328.61,-0.90,7.89,-1.71,4.65,-60.75,81.30,
15722348,-355.47,-901.86,-533.69,0.81,9.21,11.71,4.50,-61.65,80.10,
15742352,-151.86,-907.23,-428.22,22.29,19.71,8.47,3.75,-61.35,80.70,
15762361,-219.24,-933.11,-354.49,18.90,25.50,22.44,4.35,-61.20,80.25,
15782371,-224.12,-906.74,-289.06,22.63,43.48,34.05,4.65,-60.45,80.85,
15802380,-193.36,-854.98,-308.59,17.86,47.13,29.69,3.75,-60.60,80.70,
15822386,-260.74,-938.48,-362.30,-12.50,39.08,9.59,6.15,-60.75,80.85,
15842394,-279.79,-862.79,-569.34,21.77,-6.17,-5.10,5.10,-60.75,80.25,
15862403,-360.84,-926.76,-195.80,19.88,-21.60,-27.44,6.60,-62.40,81.15,
15882412,-153.81,-972.66,-512.21,-8.52,-11.13,-54.64,5.55,-61.35,82.50,
15902419,-228.52,-930.18,-521.48,28.60,-10.93,-80.52,4.05,-61.20,81.60,
15922427,-103.52,-953.12,-347.17,61.63,-96.05,-53.28,3.30,-61.20,83.40,
15942435,37.11,-906.25,-354.00,49.59,-48.72,-51.10,1.50,-61.95,82.95,
15962443,-98.63,-910.16,-179.69,50.37,-60.06,-18.31,0.00,-59.55,84.60,
15982454,5.37,-996.09,-311.04,32.99,-27.60,-6.79,0.15,-60.00,84.00,
16002462,19.04,-962.40,-486.82,88.43,-24.92,38.27,-0.60,-59.10,84.60,
16022472,-132.32,-919.43,-41.02,89.39,10.46,32.56,1.20,-61.50,86.10,
16042484,-136.23,-983.40,-23.93,17.44,40.52,26.76,1.50,-59.40,88.20,
16062492,-165.04,-1001.95,-150.88,-27.71,60.53,30.70,1.65,-58.80,88.05,
16082500,-233.40,-951.66,-353.52,-16.78,24.96,20.23,2.70,-58.80,87.30,
16102511,-263.18,-963.87,-301.76,22.56,19.71,15.02,3.75,-60.60,87.00,
16122519,-199.71,-948.24,-293.95,34.61,0.05,6.76,3.15,-60.60,88.35,
16142528,-199.22,-1001.95,53.22,35.95,-24.23,6.32,2.25,-60.00,89.25,
16162536,-146.97,-1010.25,44.92,-13.73,-33.77,19.56,3.15,-58.80,89.70,
16182542,-263.67,-938.48,-637.21,-58.15,94.27,24.67,3.15,-58.50,88.35,
16202548,-620.12,-1095.70,306.64,-61.85,391.28,-9.80,5.10,-59.40,88.20,
16222555,-383.79,-755.37,586.43,-122.47,314.79,-50.12,5.40,-60.45,85.80,
16242566,125.98,-896.97,-473.63,-92.12,137.05,-64.09,7.20,-60.00,85.05,
16262573,81.54,-946.78,-599.61,-52.20,39.97,-19.48,5.40,-60.45,81.90,
16282577,43.95,-922.85,-527.83,12.85,46.63,-10.31,5.40,-60.45,83.70,
16302581,31.74,-945.31,-583.01,36.98,38.09,13.60,4.95,-62.10,82.20,
16322590,86.91,-894.53,-438.96,87.89,-60.23,47.82,6.30,-61.35,82.50,
16342596,-126.46,-928.71,-140.14,53.98,-110.90,52.09,5.40,-59.70,83.70,
16362601,-64.45,-887.70,-119.14,4.09,-140.95,62.85,6.15,-60.45,84.45,
16382607,-229.00,-866.21,75.20,-82.03,-168.70,47.79,6.45,-60.00,84.75,
16402617,-196.78,-866.21,-228.52,-142.49,-157.92,56.73,5.70,-60.00,84.00,
16422628,-616.70,-738.77,-118.65,-102.20,-141.04,68.34,6.45,-60.00,82.35,
16442633,-399.90,-924.32,-511.23,-98.93,-44.44,-4.60,6.60,-59.55,81.75,
16462638,-294.43,-830.57,-699.71,-92.17,77.79,-23.18,8.10,-61.05,80.40,
16482643,-170.90,-817.38,-363.77,-72.29,91.54,-42.27,7.95,-61.50,77.10,
16502653,-146.48,-758.30,-476.07,-48.52,26.81,-7.53,6.45,-60.00,76.80,
16522658,-478.03,-637.21,-79.10,-43.82,-27.10,-0.15,7.35,-62.40,76.20,
16542663,-511.72,-686.04,-164.55,-193.50,85.97,-85.18,8.25,-61.50,75.30,
16562671,114.75,-820.80,-876.95,-188.52,84.02,-93.34,5.55,-62.10,71.70,
16582678,7.32,-657.23,-770.51,-91.36,2.66,-32.87,3.75,-61.35,68.55,
16602686,65.43,-643.07,-616.21,-98.50,18.75,-34.52,3.00,-60.75,67.80,
16622694,153.32,-595.70,-842.77,-91.22,-6.58,-7.63,4.35,-60.45,67.05,
16642700,88.38,-702.64,-597.66,-78.75,-92.89,18.35,3.45,-62.10,65.85,
16662707,-328.12,-811.04,-910.16,-85.76,-76.95,27.18,3.75,-59.55,63.00,
16682713,-271.97,-840.82,-658.20,-47.34,-93.25,-0.78,5.25,-59.85,63.00,
16702720,-193.85,-687.01,-923.83,-39.88,-112.21,3.05,4.35,-60.45,63.30,
16722724,-33.69,-639.16,-379.88,-47.44,-100.92,7.15,4.95,-59.55,61.05,
16742732,-104.49,-693.85,-1051.27,-117.59,4.90,42.03,4.95,-61.05,61.65,
16762736,-319.34,-625.98,-1197.27,-66.98,17.36,34.06,6.60,-58.05,60.30,
16782741,-170.41,-558.59,-713.87,-46.56,74.14,3.27,7.35,-58.50,58.20,
16802747,-57.62,-570.80,-653.32,-83.60,91.18,22.26,5.55,-57.75,58.95,
16822755,-267.58,-582.03,-901.86,-47.76,14.31,23.98,7.05,-57.00,55.80,
16842762,-212.40,-466.80,-757.32,-26.69,-15.10,-0.38,6.90,-57.90,55.20,
16862772,-8.30,-479.98,-700.20,-74.17,39.69,-2.31,6.15,-57.90,55.65,
16882777,-63.96,-481.93,-872.07,-74.18,63.39,29.33,6.45,-56.10,54.90,
16902784,-260.25,-552.25,-1017.09,-70.64,62.67,38.90,6.45,-56.85,53.85,
16922791,-352.05,-475.10,-767.09,-31.69,50.70,23.91,4.20,-56.25,52.35,
16942796,-230.47,-487.30,-820.31,-70.34,74.35,-6.46,5.70,-54.60,51.75,
16962801,-106.45,-423.83,-1072.27,-30.18,-3.40,0.95,5.10,-54.15,51.15,
16982806,-22.46,-377.44,-552.25,-63.01,63.62,-14.73,5.55,-52.95,50.25,
17002810,129.39,-364.26,-1128.42,-102.58,132.41,13.42,5.70,-53.10,49.05,
17022815,-175.78,-396.00,-1048.83,-50.27,96.87,24.70,4.35,-52.80,47.55,
17042823,-117.19,-387.21,-1011.72,-41.19,54.66,-4.75,2.40,-53.25,48.45,
17062828,-11.23,-306.64,-1132.32,-11.73,17.44,-0.98,2.25,-52.35,45.60,
17082838,136.72,-284.67,-837.89,1.85,-19.39,-3.21,2.70,-51.45,48.45,
17102847,94.24,-293.46,-943.36,-43.24,1.24,17.10,3.00,-51.60,46.20,
17122852,-123.54,-333.50,-1272.95,-31.92,10.12,20.32,3.00,-51.00,46.20,
17142860,-208.01,-323.73,-973.63,10.18,11.94,-14.44,3.75,-51.90,47.40,
17162865,132.81,-247.56,-925.78,-7.66,28.37,-26.96,2.55,-50.25,46.95,
17182872,83.98,-244.14,-1133.79,-13.97,-7.95,7.85,2.70,-50.70,46.05,
17202881,-143.55,-293.46,-1257.81,13.82,-32.38,-1.97,2.70,-51.15,47.40,
17222891,-3.42,-270.51,-1214.36,54.40,-53.95,-10.09,2.40,-50.40,47.10,
17242902,-60.55,-268.07,-882.81,74.18,-58.11,-11.13,3.45,-51.90,47.85,
17262911,-60.06,-326.66,-1030.76,57.31,-53.88,-22.27,3.30,-53.85,47.55,
17282919,-217.29,-346.19,-755.37,84.26,-82.84,-26.95,3.30,-51.60,49.65,
17302924,-130.86,-336.91,-991.21,50.53,-37.50,-61.85,5.25,-52.95,49.50,
17322929,278.32,-321.78,-1035.64,87.54,-44.05,-55.44,4.50,-52.20,49.50,
17342934,113.28,-391.11,-949.71,106.60,-30.95,-17.44,4.20,-55.20,52.35,
17362944,-103.03,-496.58,-319.82,86.84,-31.50,-22.85,2.55,-56.10,54.90,
17382950,-186.52,-546.39,-468.26,24.96,-26.64,-41.88,3.30,-55.65,53.55,
17402956,35.16,-599.61,-1053.22,3.95,-17.54,-32.31,2.70,-57.30,55.50,
17422965,-263.67,-612.79,-967.77,55.56,-22.15,-26.73,2.10,-55.80,54.75,
17442975,-96.68,-581.05,-722.66,41.48,11.39,-38.08,1.80,-56.85,54.90,
17462986,-125.98,-599.12,-747.56,3.07,23.82,-19.57,2.40,-57.75,55.50,
17482996,-209.96,-597.66,-889.16,14.20,14.27,-20.99,2.40,-57.30,55.05,
17503002,-234.38,-591.80,-1017.58,14.46,6.98,-31.71,-0.15,-56.85,55.20,
17523013,-51.27,-539.55,-869.14,43.42,-17.85,-38.46,0.75,-57.45,56.25,
17543022,148.93,-524.90,-715.82,20.38,-18.55,-24.89,0.30,-58.05,55.80,
17563032,230.47,-521.97,-750.49,15.76,-12.24,10.09,-0.30,-57.30,57.45,
17583038,-177.25,-571.29,-850.10,-5.33,15.65,23.50,0.75,-58.20,57.75,
17603046,-175.78,-562.50,-843.26,11.07,19.94,-5.39,0.45,-58.20,57.30,
17623054,14.16,-524.41,-704.10,15.02,-2.93,-6.37,1.05,-59.10,56.40,
17643060,66.89,-556.15,-770.51,10.89,-19.86,9.83,0.75,-57.45,56.25,
17663068,-92.29,-590.82,-813.48,14.27,-21.60,14.15,-0.60,-58.50,57.90,
17683076,-172.85,-591.31,-908.20,14.17,2.21,5.54,1.35,-58.05,58.50,
17703081,-142.09,-591.80,-861.82,15.65,16.35,2.31,1.80,-58.95,58.05,
17723088,-263.18,-638.18,-655.76,24.40,-6.55,-0.69,0.60,-59.10,57.15,
17743098,-249.02,-662.11,-950.68,-8.08,1.89,-10.41,1.80,-58.65,59.70,
17763106,-81.05,-641.11,-909.67,34.53,-18.32,-15.77,0.60,-58.80,57.45,
17783113,-116.21,-671.39,-885.25,16.85,3.83,-6.55,-1.20,-58.65,59.10,
17803119,-86.43,-680.18,-929.20,24.31,1.60,-0.37,0.45,-58.20,58.35,
17823125,-211.91,-707.03,-969.73,43.28,-12.03,-15.08,0.75,-58.65,61.20,
17843131,-30.27,-712.40,-902.83,45.08,-10.15,-22.92,0.45,-59.70,61.20,
17863141,-16.11,-733.40,-791.02,44.67,-18.84,-8.31,-1.05,-58.80,61.05,
17883147,-102.54,-753.91,-974.61,45.88,-6.93,-6.15,-0.45,-60.00,61.50,
17903157,-27.83,-742.68,-836.91,51.34,-12.09,-2.99,-1.50,-58.95,62.25,
17923168,-77.15,-754.39,-749.51,60.93,-28.82,-0.49,0.30,-60.30,62.40,
17943177,-133.79,-762.21,-666.02,49.21,-15.01,3.07,-0.15,-59.40,66.00,
17963183,-14.16,-726.56,-622.56,39.40,6.63,5.51,-0.45,-59.40,64.20,
17983193,46.39,-722.66,-374.51,18.37,8.08,36.58,0.00,-61.05,64.50,
18003199,12.21,-703.12,-657.71,-17.82,52.73,61.63,1.50,-60.45,65.25,
18023207,-232.42,-697.27,-818.36,-12.98,4.14,84.21,0.60,-59.85,64.80,
18043210,-365.23,-760.74,-957.03,-12.26,27.51,63.74,0.75,-60.75,65.25,
18063219,-450.20,-781.25,-851.07,38.64,-25.88,56.05,4.20,-60.60,65.85,
18083228,-271.00,-728.03,-517.58,28.03,-33.18,14.43,3.15,-61.35,63.45,
18103236,211.43,-700.68,-529.79,21.69,-51.15,31.82,4.50,-61.35,65.85,
18123245,-112.79,-749.51,-530.27,-22.75,-77.59,85.56,3.60,-60.75,65.25,
18143251,-461.43,-822.75,-1142.58,-14.31,-30.43,75.88,5.40,-59.70,67.05,
18163260,-508.30,-839.36,-620.61,58.64,-51.94,27.30,6.00,-61.05,66.15,
18183266,-19.04,-806.15,-273.93,34.05,-54.67,25.98,8.10,-60.60,66.15,
18203273,63.96,-728.03,-118.16,7.54,-37.05,83.65,8.25,-60.00,66.75,
18223283,-163.09,-723.14,-496.09,-67.47,26.99,125.69,8.40,-59.55,68.55,
18243290,-727.05,-769.04,-1301.76,-94.18,114.43,125.66,10.35,-59.70,67.05,
18263299,-1109.86,-849.61,-977.05,23.16,88.24,33.08,12.45,-60.45,64.95,
18283304,-478.52,-723.63,-184.57,42.29,12.34,-39.59,13.05,-59.10,65.55,
18303308,-30.76,-636.72,51.27,-40.82,-26.37,-14.79,12.15,-59.40,65.25,
18323316,300.29,-592.77,-451.17,-123.15,62.41,33.10,12.45,-57.90,64.95,
18343321,166.99,-586.91,-1330.57,-154.12,203.04,93.53,12.00,-58.05,61.95,
18363327,-454.10,-628.91,-1263.18,-91.74,170.75,106.82,13.05,-58.05,59.55,
18383333,-977.54,-623.54,-739.26,-10.50,66.29,48.24,13.05,-56.25,57.15,
18403343,-578.61,-547.85,-24.41,-41.66,-2.61,-71.53,12.45,-57.45,57.30,
18423351,415.53,-377.93,-374.02,-144.12,-19.05,-53.25,11.85,-57.45,57.00,
18443360,416.02,-372.56,-1020.02,-186.31,-19.44,28.98,12.45,-54.15,55.95,
18463371,-29.79,-411.13,-1786.62,-159.05,41.63,56.23,12.45,-54.15,52.50,
18483377,-315.43,-369.63,-993.65,17.05,28.18,63.86,12.90,-51.60,52.80,
18503386,-752.44,-318.85,323.24,-40.90,-101.63,29.57,14.85,-53.25,52.35,
18523393,-102.05,-215.82,-348.14,-186.76,-124.02,-50.95,15.90,-51.15,52.65,
18543401,676.76,-105.96,-629.39,-168.24,-87.98,29.25,14.55,-50.25,50.10,
18563406,106.93,-23.93,-416.50,-205.60,-23.51,123.86,16.05,-48.30,47.55,
18583412,-252.93,-41.02,-1363.28,-248.29,-13.95,113.48,16.05,-48.00,46.65,
18603422,-702.15,-49.80,-1194.82,-123.66,-43.88,118.09,19.35,-43.50,43.95,
18623428,-812.50,47.36,-510.25,-115.85,-63.82,44.78,18.30,-40.95,43.95,
18643434,17.09,211.43,-211.43,-153.68,-98.35,22.84,22.65,-40.20,42.30,
18663445,18.07,360.35,-603.52,-230.03,-56.03,111.30,22.05,-37.05,41.70,
18683451,-433.11,356.93,-1409.18,-209.28,-23.50,126.90,24.15,-33.75,40.65,
18703456,-570.31,347.17,-665.04,-116.63,-36.76,98.93,23.40,-31.50,41.10,
18723467,-578.61,466.31,-420.41,-176.87,-40.46,87.62,26.70,-28.20,41.40,
18743472,-451.17,479.49,-673.34,-187.37,-57.27,57.71,27.15,-25.95,40.50,
18763480,-305.66,539.55,-872.07,-171.86,-42.96,72.92,27.90,-22.20,39.45,
18783491,-291.50,521.97,-781.25,-136.24,-42.37,76.27,28.20,-19.65,39.75,
18803495,-115.72,598.63,-564.45,-130.21,-34.55,94.31,27.30,-18.75,41.10,
18823503,-469.24,590.82,-587.40,-120.40,-35.53,106.49,28.65,-14.25,41.85,
18843514,-383.79,590.33,-402.83,-104.47,-33.76,83.48,28.65,-10.50,41.85,
18863522,-293.95,544.92,-424.32,-112.55,-52.14,76.78,28.80,-11.10,42.75,
18883532,-268.07,539.55,-629.39,-92.96,-40.20,78.29,29.10,-7.80,44.85,
18903541,-256.35,565.92,-391.11,-41.53,-26.49,73.51,28.95,-5.10,43.65,
18923549,-103.03,674.32,107.91,-44.15,-6.35,75.27,30.30,-6.45,45.30,
18943557,-241.70,724.12,-83.50,-105.39,-34.08,100.76,30.30,-2.85,44.40,
18963563,-335.45,732.42,-719.24,-95.07,-41.31,85.33,29.10,-0.90,45.90,
18983573,-214.84,806.64,-1023.44,-9.69,-11.68,81.01,30.15,-0.15,47.25,
19003583,-239.26,860.84,-609.38,74.26,41.34,74.38,30.00,1.05,46.80,
19023594,-252.44,863.28,-38.57,72.09,88.73,46.46,29.25,2.85,48.15,
19043605,-310.55,870.61,-114.26,13.68,70.15,36.96,28.35,2.25,46.20,
19063613,-382.32,813.96,-706.54,11.51,69.76,19.76,27.30,3.45,45.90,
19083620,-316.41,851.56,-811.04,70.98,82.24,17.25,26.70,3.45,45.90,
19103628,-194.34,957.03,-842.77,88.82,111.86,3.37,25.05,3.15,43.65,
19123634,20.51,892.58,-968.26,116.35,125.15,-4.89,24.15,3.45,43.05,
19143640,117.19,860.35,-1034.18,153.15,137.53,18.21,23.70,3.90,42.30,
19163648,-343.75,677.73,-658.69,191.11,134.73,18.40,21.30,0.15,39.30,
19183658,-203.12,682.13,-451.17,148.53,44.75,-24.31,20.25,-0.45,36.90,
19203664,-17.09,748.54,-1264.65,117.16,-7.97,-33.01,20.70,-2.25,38.25,
19223674,56.64,727.05,-1307.62,211.04,35.76,-35.15,21.30,-4.20,37.20,
19243684,362.30,575.20,-550.78,200.75,65.28,-36.81,22.20,-5.85,36.75,
19263694,256.35,372.07,-1053.71,122.79,6.40,14.49,21.75,-8.55,34.50,
19283702,-186.52,479.98,-1960.94,163.89,39.08,45.34,22.80,-8.10,35.10,
19303713,-477.05,540.04,-1759.77,278.67,71.89,16.38,21.90,-8.70,33.90,
19323718,-72.27,416.99,-938.96,276.15,44.76,-51.18,21.15,-11.70,33.60,
19343723,209.96,291.50,-1545.41,219.10,24.52,-39.65,20.10,-15.60,31.80,
19363728,-159.18,136.23,-1199.22,275.05,84.52,-32.00,21.15,-17.85,31.20,
19383734,338.87,65.43,-1643.55,216.14,53.28,-44.85,18.90,-23.85,30.00,
19403739,359.86,-41.99,-2072.75,279.79,56.67,-12.63,18.90,-30.15,28.50,
19423744,24.90,-105.96,-772.46,348.18,38.75,30.43,16.80,-33.75,30.90,
19443749,298.83,-284.67,-815.43,211.31,-11.25,10.21,14.55,-42.15,31.95,
19463759,268.55,-325.20,-1712.89,234.67,14.96,56.82,14.55,-44.70,33.45,
19483766,-440.92,-324.71,-818.36,296.44,13.28,61.59,13.35,-49.35,39.75,
19503776,-434.57,-454.10,-965.33,192.44,32.99,-35.25,12.90,-53.10,42.45,
19523780,131.35,-454.10,-1637.70,216.35,17.33,-46.49,11.10,-55.65,46.20,
19543786,221.19,-543.46,-718.26,298.27,-7.91,-26.05,11.55,-58.80,51.60,
19563795,309.57,-694.82,-220.21,173.68,-66.38,-36.11,11.40,-59.70,55.20,
19583802,130.37,-827.15,-1372.56,103.80,-118.44,-16.55,11.10,-60.45,57.75,
19603809,250.98,-843.75,-1085.45,223.39,-105.04,-15.65,10.05,-63.30,61.80,
19623814,81.05,-829.10,-104.98,194.66,-89.79,-0.52,10.35,-61.50,66.00,
19643819,-22.46,-871.58,-91.31,62.41,-77.57,-20.44,10.20,-62.40,71.40,
19663824,-143.55,-929.20,-841.31,3.97,-66.92,-43.80,9.90,-63.15,71.70,
19683834,143.07,-914.06,-659.67,54.92,-33.45,-60.47,9.30,-62.70,73.35,
19703839,218.26,-916.50,6.84,39.10,-46.12,-47.82,7.50,-62.25,75.00,
19723846,296.88,-807.62,-107.91,-46.23,-57.24,-5.62,7.65,-62.40,75.15,
19743857,115.72,-798.83,-288.57,-57.54,-3.57,6.82,7.95,-62.25,74.70,
19763860,232.42,-687.50,-423.83,-112.23,11.68,0.72,8.25,-61.50,73.35,
19783871,104.00,-672.36,-854.49,-99.07,-50.14,33.92,9.00,-61.95,71.55,
19803876,-17.58,-743.65,-744.14,-11.82,-57.36,26.78,9.60,-62.70,70.20,
19823880,-106.93,-680.18,-42.97,11.28,-34.17,44.24,9.00,-61.95,70.20,
19843886,83.50,-675.78,449.71,-86.64,-58.29,7.85,8.55,-63.30,71.55,
19863893,361.33,-454.10,76.66,-225.44,-38.49,46.76,9.45,-62.85,70.35,
19883901,-259.28,-490.72,-1167.97,-234.31,-11.08,95.66,9.60,-60.75,67.05,
19903911,-449.22,-610.35,-946.29,-91.34,-42.50,9.53,11.25,-59.10,63.75,
19923915,105.96,-475.10,-107.91,-65.11,-87.63,7.91,12.45,-58.95,62.55,
19943923,148.44,-384.77,-132.81,-197.50,-92.69,52.05,11.55,-59.55,61.65,
19963932,-147.46,-417.97,-1352.05,-204.06,-55.65,75.24,13.80,-57.75,60.60,
19983940,-389.16,-400.88,-658.20,-51.68,-35.01,53.76,15.60,-56.40,57.75,
20003946,-111.82,-273.93,390.14,-131.40,-37.53,29.48,16.05,-57.15,57.00,
20023955,12.70,-62.99,209.96,-268.52,-26.87,55.53,16.20,-53.70,54.45,
20043960,47.85,83.98,-716.80,-371.83,-25.07,56.72,18.45,-52.80,51.15,
20063970,-238.77,62.99,-2263.18,-337.82,6.76,86.55,18.00,-49.65,48.90,
20083980,-345.70,-114.26,-1926.76,-87.89,27.86,49.05,18.15,-43.95,44.85,
20103990,-424.80,-10.25,-296.88,-3.77,-21.89,60.76,19.05,-44.55,43.65,
20123997,-291.02,123.54,645.02,-144.70,-35.37,6.93,19.50,-42.90,44.10,
20144002,141.60,398.93,397.95,-351.47,-119.45,31.77,19.50,-42.15,43.50,
20164012,-112.30,441.41,-1204.10,-452.81,-110.00,74.58,20.85,-40.50,41.25,
20184022,-45.41,258.30,-2535.64,-302.17,-11.94,80.21,23.10,-33.45,40.05,
20204028,-360.35,148.93,-1503.42,-33.13,10.82,112.21,25.65,-25.65,37.50,
20224034,-792.48,228.52,199.22,-25.24,-26.46,92.17,24.45,-24.30,38.55,
20244041,-724.61,383.30,335.94,-228.98,-92.96,22.70,26.85,-22.65,37.35,
20264051,-370.61,428.22,-1102.54,-293.76,-108.93,-0.05,25.95,-19.05,38.25,
20284059,-33.20,367.19,-1544.43,-139.95,-57.22,23.62,26.25,-18.00,38.55,
20304069,-150.88,437.99,-317.87,-30.32,33.18,53.73,28.05,-15.15,39.30,
20324077,-28.81,672.85,479.98,-133.31,4.14,67.02,27.90,-14.25,40.20,
20344084,-391.60,721.19,-511.23,-262.84,-18.61,100.95,28.65,-10.50,37.80,
20364095,-604.00,583.01,-1201.66,-174.85,-7.40,66.18,28.65,-6.45,41.25,
20384103,-358.40,566.89,-539.55,-66.87,34.32,29.66,28.05,-6.00,41.40,
20404109,-241.21,699.71,205.57,-99.59,28.99,34.17,26.70,-2.70,41.10,
20424114,-334.96,758.30,-241.21,-190.24,-12.43,22.34,27.60,-1.05,42.60,
20444124,-154.79,710.45,-788.57,-141.31,6.18,3.18,27.00,0.15,43.80,
20464129,218.75,850.59,-568.36,-72.61,15.59,15.69,28.20,4.65,43.95,
20484138,188.96,926.27,-333.98,-49.19,54.18,60.11,28.95,3.60,43.35,
20504147,43.95,981.45,-333.50,-45.82,57.02,71.02,27.30,3.75,44.55,
20524151,-101.56,1021.97,-425.78,-13.85,33.21,71.50,27.60,6.45,44.40,
20544162,-69.34,1080.08,-368.16,12.99,19.28,58.47,26.70,8.10,45.90,
20564173,-21.00,1122.56,-605.96,25.68,15.89,44.55,26.25,8.55,45.60,
20584183,-91.80,1070.80,-811.52,65.85,56.02,40.92,27.15,9.45,45.00,
20604187,-203.12,1040.04,-537.11,121.63,61.88,17.94,27.60,9.00,45.30,
20624196,-119.63,1002.44,-524.90,104.81,74.32,-1.54,29.10,10.05,43.80,
20644201,-92.29,1010.74,-665.53,117.39,103.27,-7.54,29.10,8.55,42.45,
20664209,-32.23,1071.78,-1010.74,121.92,110.29,3.73,30.00,7.20,40.80,
20684215,-87.40,889.16,-1270.51,148.63,158.06,0.38,30.60,6.75,39.30,
20704223,87.40,959.96,-1446.29,250.23,154.41,4.09,30.30,3.90,36.00,
20724234,123.54,1084.47,-692.87,282.96,165.54,22.11,33.90,2.10,34.65,
20744242,-28.32,858.40,-779.30,202.75,156.47,22.69,31.35,-4.35,29.10,
20764252,428.71,779.79,-1731.45,153.66,169.66,6.78,29.85,-9.60,27.15,
20784262,235.84,786.62,-1844.73,337.60,160.66,64.03,29.25,-13.80,23.85,
20804271,446.78,634.28,-587.89,338.67,133.37,17.85,25.95,-19.80,19.80,
20824276,822.75,440.92,-959.47,210.50,99.37,71.13,23.85,-23.85,20.25,
20844282,617.68,444.82,-1573.24,235.36,49.54,98.90,16.20,-30.30,18.00,
20864286,648.44,340.82,-1173.34,288.15,27.79,114.92,15.45,-35.10,19.35,
20884293,435.06,268.55,-1134.77,256.60,43.04,158.34,14.10,-38.70,20.10,
20904300,-706.54,62.99,-1106.93,256.23,25.31,112.23,10.05,-42.45,22.95,
20924310,46.39,-137.70,-876.46,262.78,22.43,-70.00,6.90,-46.20,25.35,
20944320,1091.80,-163.57,-1275.88,195.86,-8.50,-13.15,6.60,-47.85,28.35,
20964329,424.80,-239.26,-1122.07,285.91,-26.35,60.55,2.70,-50.70,33.90,
20984338,154.30,-306.15,-293.46,210.23,-11.10,18.31,3.15,-55.20,37.05,
21004348,421.88,-361.82,-1729.98,107.02,-66.24,-0.90,2.40,-59.10,42.30,
21024357,604.00,-427.25,-2023.93,305.10,-99.79,0.85,3.30,-57.90,46.20,
21044362,475.10,-514.65,-53.22,363.02,-59.92,14.41,4.35,-61.50,51.15,
21064370,317.38,-717.77,47.85,102.52,-36.21,34.41,3.30,-61.50,57.30,
21084376,155.76,-876.95,-1451.17,86.31,-74.96,21.40,3.00,-64.05,58.35,
21104380,346.19,-740.72,-1074.22,184.85,-99.44,3.74,4.65,-64.05,59.70,
21124384,331.54,-826.66,-401.37,179.97,-78.84,14.47,5.55,-63.90,66.15,
21144390,288.09,-859.38,-245.12,111.36,-50.20,25.60,5.10,-64.80,67.35,
21164399,89.84,-858.40,-502.44,91.48,-40.18,35.50,6.90,-62.70,70.80,
21184404,-20.51,-793.46,-479.49,58.26,-74.56,25.77,5.70,-62.25,72.60,
21204413,82.03,-864.75,-783.20,91.65,-85.44,4.27,5.55,-63.60,73.05,
21224422,316.41,-825.20,-37.60,125.05,-74.53,12.98,6.45,-63.00,75.30,
21244428,88.38,-822.27,508.30,49.31,-66.61,42.98,6.90,-61.95,76.35,
21264433,-48.34,-795.90,221.68,-50.67,-53.50,40.32,8.10,-61.65,76.95,
21284443,146.00,-668.46,-21.48,-91.13,-37.07,13.27,7.95,-61.50,77.10,
21304447,254.39,-505.86,-1251.95,-162.69,-74.69,50.41,6.60,-62.10,76.20,
21324454,-229.00,-829.59,-1411.13,70.70,-117.08,21.86,7.65,-60.60,75.60,
21344464,436.04,-765.14,456.05,155.01,-126.64,10.89,8.25,-61.50,75.75,
21364472,418.46,-665.04,1439.45,-27.62,-121.24,107.65,10.05,-61.95,77.10,
21384480,115.23,-397.95,442.38,-323.68,-61.44,132.40,9.90,-60.60,79.05,
21404485,-810.55,-382.32,-1943.85,-343.63,-34.35,178.06,14.10,-60.60,73.50,
21424495,-1147.46,-731.93,-1887.21,10.20,-62.02,-8.05,14.25,-61.20,71.25,
21444501,257.81,-562.99,330.57,102.69,-69.15,-62.78,14.85,-61.35,70.35,
21464508,977.05,-374.02,729.49,-197.04,-25.88,20.90,13.20,-60.75,73.65,
21484514,183.11,-365.23,-1135.74,-259.25,-7.94,193.02,14.40,-59.55,69.60,
21504523,-957.52,-516.60,-789.55,-85.40,-30.05,126.93,18.30,-60.60,67.20,
21524534,-343.75,-351.07,-341.80,-158.44,-5.74,-42.69,20.40,-59.85,65.85,
21544540,-35.64,-160.64,186.04,-243.11,0.40,69.02,20.25,-62.25,63.60,
21564550,146.00,3.42,-933.59,-388.09,0.50,69.91,22.80,-60.00,59.10,
21584561,-65.92,-29.30,-2975.59,-294.29,-43.77,139.53,23.70,-57.30,50.85,
21604571,-1217.29,-227.05,-1935.06,115.73,-47.98,123.10,27.90,-52.95,48.15,
21624582,-398.93,-191.89,181.64,81.76,-28.84,-49.95,30.15,-53.55,51.15,
21644592,352.54,-114.26,209.96,-106.56,-12.93,29.62,29.25,-54.75,50.55,
21664598,-295.90,-143.55,43.95,-151.28,12.21,76.76,29.55,-53.10,49.35,
21684607,-44.92,78.12,-80.57,-292.53,7.39,47.56,29.70,-47.10,48.15,
21704618,-340.82,251.46,-1788.09,-335.74,-28.53,105.21,29.55,-42.45,44.55,
21724624,-885.25,14.65,-2030.76,-100.76,-38.23,55.04,28.80,-38.10,44.10,
21744630,-548.83,136.72,-455.57,10.12,-22.06,20.11,29.70,-37.95,44.40,
21764636,-539.06,141.11,427.25,-104.95,6.82,-15.83,30.00,-36.90,43.65,
21784642,101.07,363.77,332.52,-266.98,49.56,-2.64,28.80,-35.25,43.80,
21804648,-142.58,452.15,-650.39,-406.93,-12.32,51.62,29.25,-32.40,41.85,
21824657,-373.54,450.20,-2423.83,-309.36,-44.75,80.38,28.95,-28.50,40.20,
21844665,-697.27,285.16,-1781.74,-15.47,29.11,43.10,30.60,-23.85,40.35,
21864670,-425.29,420.41,-194.82,28.60,24.98,14.12,31.05,-24.75,40.80,
21884681,-276.37,569.34,457.52,-83.30,21.92,0.55,29.10,-23.10,40.05,
21904686,-131.35,712.89,100.59,-245.24,-14.14,13.10,30.00,-22.95,39.45,
21924694,-135.25,707.52,-1163.57,-288.82,-11.44,23.80,30.00,-18.60,38.10,
21944705,-39.55,591.80,-1895.02,-143.98,17.31,42.44,30.30,-16.05,38.85,
21964712,-202.64,679.69,-1063.96,15.86,31.50,64.46,29.70,-14.25,38.85,
21984718,-366.21,722.17,-304.20,13.76,48.37,59.19,30.30,-12.30,38.85,
22004725,-418.95,715.82,-142.58,-50.47,49.08,36.00,30.00,-11.70,37.05,
22024736,-282.23,736.33,-514.16,-88.67,14.40,25.27,29.25,-9.75,37.35,
22044746,-161.62,729.98,-880.86,-76.21,10.43,22.75,30.60,-8.10,36.90,
22064756,-92.77,758.79,-1170.41,-34.98,47.56,33.62,29.10,-7.35,37.50,
22084760,-277.83,732.42,-1024.41,39.68,74.03,50.90,30.15,-5.25,36.90,
22104769,-308.11,763.67,-556.64,52.34,74.38,33.69,28.65,-4.35,37.05,
22124773,-352.05,771.48,-399.90,26.93,81.57,27.07,28.20,-2.10,36.30,
22144782,-254.88,786.13,-615.72,6.75,62.00,-0.18,27.00,-3.00,35.85,
22164791,-133.30,708.50,-790.53,13.19,74.73,-1.88,25.05,-2.10,36.30,
22184801,-31.74,690.43,-946.29,23.77,65.16,-1.31,26.70,-3.75,36.45,
22204807,125.98,751.95,-1013.67,71.68,88.02,9.59,26.40,-4.35,37.05,
22224813,-80.57,742.68,-496.58,80.05,105.25,35.28,24.30,-3.90,36.00,
22244817,-241.21,697.27,-486.33,26.85,76.67,3.02,23.25,-6.45,36.00,
22264824,85.94,742.19,-1082.03,9.24,72.96,-11.54,23.70,-8.40,33.90,
22284834,353.03,746.09,-1478.03,40.24,70.64,1.56,22.80,-9.60,34.80,
22304840,346.68,764.16,-1591.31,123.80,116.85,55.62,23.85,-10.35,34.05,
22324851,-73.73,667.97,-935.55,183.25,122.52,60.60,21.90,-13.05,36.00,
22344855,-173.83,559.57,-451.17,140.73,95.57,24.03,19.35,-15.30,35.25,
22364863,-31.25,447.27,-957.03,72.11,59.57,-0.12,16.35,-19.80,35.10,
22384870,216.80,429.20,-1691.41,89.94,55.28,-19.36,16.20,-20.70,34.20,
22404881,262.70,580.57,-1476.56,221.62,74.98,16.67,15.45,-23.40,35.25,
22424886,-79.10,410.64,-479.49,226.81,85.65,-1.65,12.90,-24.30,35.85,
22444894,349.12,217.29,-644.04,115.88,58.58,-33.80,13.20,-28.20,34.65,
22464903,476.07,198.24,-1382.81,107.01,31.39,4.29,11.55,-28.80,36.30,
22484909,229.00,231.93,-1653.81,181.34,13.16,34.82,9.00,-30.75,37.50,
22504915,-101.56,228.52,-746.58,277.60,-0.31,28.78,11.55,-31.05,38.85,
22524924,80.08,56.15,-200.68,142.34,-41.73,-38.06,10.65,-34.50,38.25,
22544931,489.26,-22.95,-1201.66,38.73,-32.21,-41.07,10.95,-33.90,39.45,
22564939,563.96,56.15,-1551.76,106.99,-4.40,23.53,10.95,-33.60,39.45,
22584948,-104.00,11.72,-1280.76,145.83,7.10,52.60,10.65,-34.05,40.35,
22604952,-7.32,-37.11,-945.31,157.91,41.47,-34.49,10.35,-36.60,40.35,
22624959,536.62,-77.15,-483.89,120.00,40.24,-39.89,10.35,-36.60,39.60,
22644969,420.90,-57.62,-718.26,29.34,0.20,5.94,9.45,-39.75,41.55,
22664974,311.04,-132.81,-1271.97,39.07,14.20,-24.41,10.20,-39.00,40.20,
22684980,513.67,-85.94,-922.36,92.55,-14.27,-13.91,10.20,-39.00,39.15,
22704984,388.67,-67.87,-785.16,65.85,-16.29,20.64,10.50,-41.55,38.85,
22724994,380.37,-133.30,-826.17,64.15,-26.31,7.11,10.05,-42.15,38.55,
22745001,348.14,-106.93,-864.75,39.07,-18.75,19.68,11.25,-42.75,38.40,
22765008,163.09,-157.23,-1225.10,62.43,10.53,24.26,11.10,-43.65,40.35,
22785014,160.64,-218.26,-649.41,111.24,23.50,-0.93,11.55,-45.60,39.75,
22805018,295.90,-261.72,-211.43,50.14,20.11,-1.74,11.55,-48.15,40.80,
22825023,354.98,-298.83,-711.91,-39.94,2.38,-0.34,10.20,-47.10,40.20,
22845028,327.15,-369.14,-1311.52,-16.43,7.08,15.25,10.65,-46.50,40.05,
22865037,278.32,-407.23,-998.54,32.46,11.97,14.06,11.85,-44.70,41.70,
22885047,228.52,-389.65,-981.93,-4.58,17.19,18.64,10.50,-47.85,41.25,
22905055,184.57,-363.77,-1222.17,15.80,-0.37,9.60,10.50,-45.60,41.25,
22925066,201.66,-363.28,-751.46,56.79,6.87,15.28,10.65,-46.20,41.70,
22945075,146.97,-360.84,-383.30,14.31,-3.82,1.48,10.35,-47.70,41.40,
22965079,221.68,-336.91,-794.92,-45.89,-3.01,-5.76,11.85,-48.00,41.10,
22985087,185.55,-375.98,-1068.36,-17.34,6.37,-13.10,9.15,-46.35,41.85,
23005096,316.89,-343.75,-1035.64,-6.50,18.73,-17.16,10.95,-48.60,41.25,
23025102,306.64,-367.68,-1135.25,1.50,6.09,-9.44,9.90,-46.80,40.80,
23045110,360.84,-342.77,-964.84,17.82,-10.82,-14.35,9.90,-48.15,41.85,
23065115,342.77,-358.40,-852.05,22.09,-17.16,2.82,10.65,-48.30,42.00,
23085125,333.98,-372.56,-619.63,16.34,-8.93,-2.17,10.50,-48.90,42.30,
23105134,296.88,-361.33,-622.56,-16.23,10.24,9.39,11.10,-49.50,41.70,
23125141,187.01,-375.00,-710.94,-24.32,-4.17,2.79,10.95,-48.60,41.25,
23145144,358.89,-327.15,-896.00,-52.03,-3.77,-8.72,10.05,-46.95,43.50,
23165150,218.26,-330.08,-1266.60,-35.31,-21.07,13.28,10.20,-47.40,41.25,
23185160,208.98,-380.37,-1209.96,11.85,-15.22,-11.13,10.35,-45.45,41.40,
23205169,414.55,-316.41,-894.53,28.70,8.89,2.32,11.85,-45.75,41.10,
23225175,232.42,-330.08,-631.35,16.15,-4.79,13.80,10.95,-45.30,41.85,
23245181,209.47,-328.61,-702.64,-14.15,-1.31,-2.05,10.50,-46.05,41.25,
23265187,232.91,-331.54,-827.15,-22.08,-5.56,-0.84,11.40,-46.50,41.10,
23285192,142.58,-347.17,-1113.77,-30.87,-13.45,-2.82,10.50,-47.40,42.60,
23305197,346.68,-352.05,-1171.39,5.10,-3.97,-15.25,11.25,-46.35,42.30,
23325201,333.98,-330.57,-863.77,18.78,19.86,8.52,12.30,-46.05,41.85,
23345210,162.60,-329.59,-749.51,0.26,7.28,4.05,11.25,-45.30,43.95,
23365220,261.72,-316.41,-817.87,-13.95,12.08,-4.27,10.65,-45.45,41.40,
23385225,270.51,-324.71,-788.09,-13.47,5.97,3.89,11.10,-44.40,41.70,
23405231,256.84,-320.80,-1066.89,-29.88,-4.81,-0.43,10.65,-44.70,41.70,
23425241,280.76,-330.57,-1214.36,3.42,-1.33,3.74,11.25,-44.85,40.20,
23445250,176.76,-315.43,-965.82,21.11,-5.77,6.73,10.65,-45.15,42.00,
23465260,251.46,-330.57,-852.54,17.05,-7.21,-8.70,10.50,-45.30,40.50,
23485267,362.79,-312.01,-745.61,13.18,9.27,2.73,11.10,-46.95,41.10,
23505278,208.01,-331.54,-686.04,-4.89,2.82,7.42,11.55,-46.05,43.65,
23525287,286.62,-329.59,-808.11,-24.46,0.56,-1.10,13.05,-46.80,41.55,
23545292,227.54,-308.11,-1050.29,-31.33,-16.00,-0.98,10.50,-45.60,41.25,
23565299,253.42,-333.01,-1213.38,-7.25,-16.12,-6.76,11.40,-44.70,41.40,
23585309,283.69,-306.64,-1075.20,18.15,4.55,6.82,10.35,-43.20,40.65,
23605319,187.99,-319.82,-885.74,25.50,5.97,-2.53,11.25,-43.80,41.85,
23625328,287.11,-312.01,-716.80,15.02,17.69,-1.63,10.65,-45.45,42.75,
23645338,198.24,-344.73,-708.98,-7.88,5.08,1.53,10.65,-44.40,40.35,
23665350,275.88,-279.30,-816.41,-24.52,2.52,-4.24,11.25,-45.30,42.30,
23685358,195.31,-307.62,-1166.02,-22.82,-10.98,2.00,11.55,-45.60,41.85,
23705363,312.01,-308.59,-1097.17,8.34,-3.01,-6.38,12.00,-44.85,40.80,
23725370,235.35,-313.48,-971.68,18.02,-10.56,5.54,12.30,-44.10,40.50,
23745374,230.96,-319.82,-823.73,15.33,-8.02,-6.41,10.95,-44.70,40.65,
23765384,274.90,-326.66,-824.71,6.06,-3.63,0.09,10.35,-45.45,42.00,
23785393,275.39,-322.75,-782.71,-0.50,5.68,4.38,10.35,-45.45,42.45,
23805397,201.66,-329.59,-941.89,-10.73,-2.03,2.75,11.10,-43.65,42.00,
23825408,301.76,-316.41,-941.89,-0.09,2.50,-1.63,11.25,-45.30,41.25,
23845416,203.12,-322.27,-984.38,-1.05,-7.19,6.50,12.00,-45.30,41.25,
23865425,309.08,-319.34,-962.40,8.43,8.11,-6.41,11.25,-45.60,41.85,
23885434,258.79,-319.34,-739.26,9.53,9.44,6.55,10.95,-46.05,42.30,
23905445,202.15,-311.04,-773.93,-19.76,-1.39,2.21,13.05,-45.60,41.55,
23925454,271.00,-330.57,-1062.99,-11.47,7.22,1.42,11.40,-44.40,41.70,
23945463,208.98,-310.06,-889.65,1.47,-1.68,7.05,11.25,-44.55,40.50,
23965470,167.97,-300.29,-961.43,-15.10,-15.59,-6.17,11.40,-43.95,42.45,
23985478,283.69,-309.57,-1123.05,6.05,-1.73,-9.21,12.00,-44.55,41.85,
24005487,204.10,-307.62,-833.50,15.36,-1.92,-2.24,12.60,-44.85,41.55,
24025497,265.14,-324.71,-812.50,1.48,5.74,-8.40,10.50,-46.05,42.30,
24045504,270.02,-310.55,-841.80,-1.69,4.00,0.61,11.55,-45.60,41.85,
24065510,253.91,-319.34,-875.98,-7.59,-0.18,-2.69,12.30,-46.80,41.55,
24085520,274.41,-315.92,-1010.74,-7.11,-4.02,0.67,12.30,-44.85,42.30,
24105529,255.86,-320.31,-970.70,4.96,-8.87,1.13,12.30,-44.10,42.60,
24125538,244.14,-327.15,-896.00,8.44,-4.17,1.33,11.10,-46.20,42.45,
24145548,229.49,-318.85,-831.54,5.91,-0.98,3.45,12.15,-44.70,42.45,
24165557,217.77,-333.50,-792.48,-0.84,-4.69,1.82,11.40,-43.95,42.75,
